t = 2455700000
b = 25 25 25
E = -1.18983287692664 -1.31666605191326 0.126833174986616
154.007803719992 -1217.64876055547 374.965504613011 -0.69341424121725 0.474969388051596 0.541830942733674 -0.576137951307666 0.086110774061403 -0.812803786693553 -0.271766956464191 -0.30004742362005 -0.116083733627236 -0.130357647059017 0.188447198203799 -0.212711145851708
153.629214571647 -1217.84488110051 374.705306154811 -0.232263686099207 0.902486190141566 0.362728902530616 -0.581322428580127 0.170190314404819 -0.79567549347471 -0.241712579116723 -0.419372855231047 0.0176637435250735 0.573389719129565 0.22315330246383 -0.636438792269982
153.167571748249 -1217.78120981243 374.568337068946 0.300953362393454 0.953439773187313 0.0194851877772434 -0.647622532757771 0.219335009978859 -0.729710359285134 -0.337274990188086 1.10128866335474 -0.132199715711256 -0.0320631457531277 -0.0732058128861042 0.12475508209119
152.728660465509 -1217.45922681775 374.290744983741 0.723017849270954 0.690042822845725 -0.032955913884158 -0.353232157656988 0.328272548106266 -0.876050327862736 0.180462549193153 0.676014032644804 0.0105151530281195 -0.153345427484049 0.197014401622393 0.307669373806767
152.52523954939 -1217.00315136076 374.075994632878 0.926447986915207 0.0710005997785299 -0.369666122837134 -0.364652409805528 0.412941930452681 -0.83457029787483 0.305810605284263 0.0356352290338677 -0.0268550269932386 0.123581969291826 0.399671484030342 0.118184453291415
152.522173421778 -1216.53730562148 373.758822040625 0.685895648551983 -0.568163884511533 -0.454683361959221 -0.276402746033663 0.374587296082456 -0.885034394588291 0.971939590354845 0.119091886941818 -0.418900611997948 0.529129283156958 0.201454791063424 -0.231025487097625
152.675337458422 -1216.21237337234 373.328922015939 0.0942359818525042 -0.934637000647557 -0.342889569311585 -0.267405581499133 0.30800214738706 -0.913032820981145 0.0412514735479487 -0.311458370124411 -0.510467030092239 0.226802256325895 0.482236164332766 -0.352372387250322
152.821359614824 -1216.20063637784 372.828937330322 -0.512785041149879 -0.854060889882776 -0.0873584452700677 -0.0292163927635177 0.119056240665848 -0.992457562800463 -0.237068604602027 -0.0144993468361175 0.297918306223192 -0.16359951199503 0.135412570998174 -0.184425517666246
152.932537720758 -1216.32966819166 372.240794010845 -0.810315934342069 -0.531615290078469 0.24652235173459 -0.38642184253457 0.168500363029435 -0.906799750369675 0.0781959480041402 0.21744535566011 0.308973357618842 -0.254663207577876 0.145477561350174 0.405036111618129
152.837390286531 -1216.46203251235 371.779879216951 -0.873534569001322 -0.0506422814711321 0.484120559455762 -0.483316778646973 0.208362788263778 -0.850288092321426 -0.4376024097796 -0.309281685564335 0.104681233620524 -0.0547527377965739 -0.375245022947635 0.339764922111615
152.590251123259 -1216.4996156112 371.318628404175 -0.696011625914134 0.261044710088944 0.668897208768341 -0.652452200344225 0.159017763385986 -0.740958485453443 0.00655017557603508 0.413786873746263 0.248062031963808 0.39875527826007 -0.130266980426544 -0.128905460737315
152.166048735222 -1216.7058144133 371.139070704396 -0.31710409116263 0.843939677711522 0.432678651842843 -0.658039608001256 0.132746380856615 -0.741189768329262 0.123168140541889 0.0352274814198896 -0.00630274449340292 0.345223947101343 0.0867692679556718 0.138256157012051
151.636403575986 -1216.69294946908 371.064385535424 0.0416852222512631 0.97565329440636 0.215320670864163 -0.880528531638818 0.137715757996591 -0.453545890663253 -0.0825433577103013 0.232089191212768 -0.0479364966759156 -0.333801453404164 -0.143526321260259 0.140543104104053
151.130088285398 -1216.61594117488 371.09474578794 0.297970679938973 0.936211596870844 -0.186336576449241 -0.867512018382151 0.184136815466261 -0.462078490214925 -0.0256999161741623 -0.451806069325395 -0.555887113692197 -0.289164833250302 -0.202642048860518 0.12644558663979
150.680855800957 -1216.35117369221 371.179578776076 0.555874887667986 0.519133984276445 -0.649232635981478 -0.831178949639687 0.358413669988065 -0.425066106429388 0.115898065997465 0.0780959456005761 -0.623799193621169 0.0687983275894642 -0.0363971698833758 -0.00737715377912041
150.352412887792 -1215.94278872368 371.198741947496 0.304297669515827 -0.143035082203282 -0.941776987191719 -0.807526463855877 0.485682386173275 -0.334684373627676 0.23140710968007 -0.0630935152914343 0.531652677058008 0.612083903794889 0.288183617578769 0.42648079170185
150.210879354401 -1215.54423355517 370.988463141467 -0.16035780213354 -0.732650953671017 -0.661443841419381 -0.701708112457053 0.555899408595579 -0.445624923462533 -0.0650662972501483 -0.242332517840959 0.0820017613561023 0.119811960443463 0.226913629000958 0.0599460870021279
150.070661311525 -1215.28044343733 370.598817509478 -0.550372438081195 -0.834743404817688 -0.0171355634373166 -0.708201610804574 0.477612751639208 -0.519938975207868 0.385477823675795 0.500684874179623 -0.116408476709672 -0.0542421085004155 -0.122372398229628 -0.0389092128639368
149.795927669269 -1215.25165966647 370.095856619375 -0.764876549900638 -0.406065287729054 0.500074839842984 -0.642150142746587 0.419101065338092 -0.641870307101836 -0.0883033300577065 0.348174636702504 -0.658472213402975 0.172083050742296 -0.415841343513901 -0.330966650517568
149.644693404091 -1215.68241477472 369.797465515908 -0.663627543084871 -0.270272143983026 0.697532402276977 -0.74354428804135 0.340653884209768 -0.575410134489478 0.175437478744284 0.50276136782836 0.264454051150824 -0.258980276499765 0.256471948306031 0.308382019045662
149.17942809444 -1215.74910608198 369.559273717327 -0.333124292223165 0.357521877798965 0.872471382223266 -0.848219477579916 0.290466033447299 -0.442891861793915 0.564247107317654 0.118416619750539 0.474961387795036 -0.230120004472509 0.0165942191704908 0.450344427502041
148.718783529685 -1215.74339447044 369.455807985792 -0.00102478162825873 0.579269450175366 0.815135481939015 -0.956731529377216 0.236612545807376 -0.169349590672539 -0.0657577427188169 0.151982162419097 -0.267469397821305 0.668583958496542 0.0566042079591871 0.19485759460996
148.362713813949 -1215.98426678365 369.741049167262 -0.140693610211141 0.954712670999485 0.262162209049906 -0.953321795217394 -0.0591801408180598 -0.296100094029202 -0.129962284618593 -0.250786912303576 0.998967833244361 0.272844014585367 0.12473345872667 0.0261346177977024
147.932628275289 -1216.05459059688 369.85763059922 -0.0627900945893824 0.972148493959625 -0.225797939833134 -0.997971185788843 -0.0635460227211832 0.00392623097331407 -0.21928168661164 0.564330408050791 -0.110746717025577 0.278775297993527 -0.305193457024728 0.337523604734165
147.393929138807 -1215.89214435785 369.981794750447 0.188155200475004 0.696615864241766 -0.692332259984902 -0.980254544475869 0.0895488292525694 -0.176300979032575 0.0365502119952327 0.303124790096345 -0.137629834569517 -0.221605559156636 -0.0817647531774005 0.236523846902892
146.941997013419 -1215.72149197991 370.132657709248 0.18870771889553 0.355506973330336 -0.915425687156636 -0.972459374990585 0.197495505727145 -0.123767076314985 0.164932927293201 0.465301123359185 0.0836400201216673 0.166335721101053 -0.0742161029323899 0.304611689503118
146.659588154214 -1215.42162224359 370.215412854271 -0.086690862402918 -0.30342284113102 -0.948904249042147 -0.971487592177063 0.236730604272558 0.0130567701225668 -0.524568249447572 0.620735850869719 0.132375558072304 -0.0499798657585093 0.1780458760373 0.276032218289434
146.730624491679 -1214.86618131543 369.835190798379 -0.131420771073126 -0.519440937249195 -0.844339797515712 -0.991162940155846 0.0843309249510492 0.102392974267389 0.249673200657831 -0.0832651304872492 -0.149798241345305 0.543229646995611 -0.00129525870782444 -0.095342713420304
146.231408582766 -1214.77179431962 369.705344842052 0.0647851414506718 -0.84634434020484 -0.5286815139461 -0.988463646309396 0.0182568608643361 -0.150353938828913 -0.255015883228955 -0.925208172699188 0.0267861954060383 -0.522775186306782 -0.00458825696926965 0.182350264078423
145.919822717429 -1214.73634629207 369.324470686775 -0.128152943973123 -0.97523050113425 0.180283922335533 -0.984649401657612 0.103394485741512 -0.140624095223172 0.144154474663388 0.357101446129939 0.272811639546353 0.32007057315228 -0.222431164243525 0.00459672174062939
145.498322381543 -1214.81210684544 368.924652191145 -0.0643344052038707 -0.776502244204331 0.626821624586856 -0.991431410806611 -0.0218243376606381 -0.128792297712535 0.749161762632184 -0.0846574015333854 0.213277681070508 0.0700170489351396 0.288036103893612 0.0716567253890823
145.152116660116 -1215.02637319904 368.635684427234 -0.16046502909405 -0.26669607913448 0.950328456818263 -0.976103241000159 -0.100063206958708 -0.192898464328734 0.016158955243355 0.116510762063002 -0.0940569191416841 -0.199461744341116 0.373013634476903 -0.0697447158816812
144.782215554495 -1215.35498454768 368.545151821746 -0.153219637702947 0.168949126910474 0.973642611617677 -0.982505933415007 -0.131590191259753 -0.131780546276841 -0.245489850797826 0.630942377565816 -0.614364827604617 -0.519905861063074 -0.456649897841358 0.0154033919980959
144.370073655212 -1215.65689605674 368.624355906948 -0.0991733753246649 0.751529697563571 0.652202234956494 -0.995044334592331 -0.0796220068428608 -0.0595576041506548 -0.0447998742685546 0.180511464227699 -0.375009375664584 -0.612269902910661 -0.0742278829760728 0.0327438149647304
143.988749673675 -1215.83625766439 368.968173162088 -0.0794672872666033 0.99620340104835 0.0355490366876714 -0.996409378180484 -0.0804276672599232 0.0264526259695997 -0.283183239067186 0.182710565009643 0.697595269494746 -0.276450841142736 -0.0520903492036765 0.0028451134228615
143.507861013421 -1215.86336612398 369.175174248111 -0.0812365067487195 0.943964241219421 -0.319893953158398 -0.913731858314113 0.0576658647757256 0.402204847235924 -0.389137915677507 -0.183344357646382 -0.181629404067512 0.0930414822506774 -0.105746304456375 -0.368220532969136
143.134156193705 -1215.64708662433 369.445571169378 -0.15019669267176 0.544351008872398 -0.825301722163143 -0.950977050573253 0.148715148778278 0.27115761795583 0.154792293198641 0.190106264432027 0.3040124443915 -0.305907399177054 -0.00357653404732291 -0.287831070555377
142.705281949274 -1215.40320670884 369.554533021671 -0.089476781983333 -0.0890636763984842 -0.991998773713153 -0.967105095035193 0.245891419824958 0.0651547760054158 0.145686914510993 -0.138356322639477 0.154506874356139 0.0250956952140767 -0.0485811799854557 0.130617950365982
142.248578107438 -1215.01968983243 369.466041641836 -0.159040429248484 -0.482079037715122 -0.861571786466805 -0.870070206074391 0.480851150063198 -0.10844357037767 0.194570957328974 -0.171638717059917 -0.367035230810733 0.0112678152758143 0.110640545167948 -0.0690228852612479
141.948823011259 -1214.5997516157 369.206632547862 -0.243126242650668 -0.89086438800095 -0.383732031895747 -0.927419448024221 0.329409128654335 -0.177151893494146 0.332532451902159 -0.214553593856803 -0.0889783643530495 -0.00415953814259434 -0.172852210105769 -0.122679717071207
141.742927166644 -1214.46832921115 368.768726687597 -0.486239436866869 -0.838629264905655 0.245503902320869 -0.839350335561252 0.370105150060967 -0.398137152342701 -0.0798302578157776 0.177126464249671 -0.0516387594773551 -0.134882942520328 -0.479323731724288 -0.23014090424937
141.348505246711 -1214.47785435414 368.388137504202 -0.358603872323076 -0.527986127668899 0.769827196040854 -0.928397945616115 0.287739781062955 -0.235123527082239 0.513695309926268 0.178140054816602 -0.462233732849511 0.0898067214084322 0.0698020718859533 0.07722260354018
140.882092976723 -1214.53480291314 368.247837036182 0.0833082958051989 0.0349240293266312 0.995911662748217 -0.850861295521659 0.522726077142756 0.0528441483487577 -0.0382526533394024 -0.560668036784638 0.0976854100817279 -0.509854801352431 -0.124334818571888 -0.615508336830255
140.769897901732 -1214.5986590179 369.302359957131 -0.12543673980268 -0.0815447520054017 -0.988744697954906 0.659254362875603 -0.751608289063747 -0.0216486687486681 -0.294004081420454 0.201177511509089 0.199717946758317 0.256521353071653 0.11444229200734 -0.291871072544219
140.872545642475 -1215.13633865642 369.286716336735 0.480515076616785 0.454656258755718 -0.749928628257384 0.72223774558688 -0.690223880313696 0.0443129082810501 0.398405274802473 0.295361011880167 -0.129750503268639 0.441209786538234 -0.105526610520406 0.19016778889957
141.1804445969 -1215.51081759499 369.04986866887 0.502246090472512 0.842014837360141 -0.19687528619386 0.860989198774223 -0.508082711892621 0.0234426428193606 0.219400147181149 0.144695856557702 -0.254594155909959 0.159052305461335 -0.271818668633417 0.314582966578979
141.642440239812 -1215.63612703547 368.767804480108 0.32763016628768 0.880587143086175 0.34238101235145 0.924326205127947 -0.37378448180404 0.0768519856888891 0.000489942838686061 -0.0632371636509263 0.491226394015408 0.0850067340055949 0.355157096937007 0.5215336129455
142.146730759588 -1215.6671656151 368.497764499443 0.0457428690393649 0.625194119115659 0.779127655383798 0.981831419717663 -0.171921930803532 0.0803113502647322 0.0429982769621714 -0.445431191111568 -0.571394891291891 0.23365020568479 -0.131594437921459 0.262356646093821
142.623474675962 -1215.4767122404 368.37124606019 -0.0753521247179051 0.0555205927035562 0.99561012504791 0.989765886951049 -0.117176495812899 0.081444200911571 0.1618895517278 0.000375820609494797 0.0717555120523486 -0.0991897645070323 -0.412090128075891 -0.236382856602939
143.020280923366 -1215.08703093644 368.377675832242 0.0126876747802682 -0.374922807336554 0.926969207398112 0.977085957423021 0.201630349502199 0.0681779581396329 -0.0658951554289696 -0.0748559611565698 0.266258911950022 0.237243679789228 -0.215165143520462 0.0120551393343771
143.342047007705 -1214.81882150796 368.679434124147 0.14553411867585 -0.877107457810724 0.457714242519343 0.973619987365025 0.209149409522388 0.0912175681220982 -0.244866456591601 -0.342618144064684 0.0333267276303294 -0.299418160625127 0.129200974923623 -0.413497116527475
143.841860255441 -1214.68084372689 369.005778228437 0.171013400532458 -0.984383722029843 -0.0417505042336563 0.959616426093574 0.156804883777897 0.233556295514126 0.193807142089501 -0.406803642736899 0.396086811318804 0.204301869023728 0.150239100104769 -0.311265424136596
144.223412561083 -1214.75167127211 369.419059875665 0.140996309883135 -0.757885636096222 -0.636968918552393 0.95206224851836 -0.0726271060397901 0.297157834182988 -0.962203398309654 0.0390837771909268 0.302881013457033 0.169407309356353 -0.208463949441346 -0.299100987274288
144.563921613999 -1215.08876161689 369.704260009494 0.126899135773952 -0.281617112115349 -0.951098528804306 0.985334739704173 -0.0744786891250365 0.1535199517613 -0.104715480387233 -0.619240805370703 0.03413308586017 0.0939268277854772 -0.0478930544850066 -0.388751226513528
144.926487764535 -1215.40468241619 369.802488983809 0.133885224406848 0.214407920152934 -0.967524671765531 0.97993184527879 -0.174131914418619 0.097013684658021 -0.00764409643671463 -0.463599204102037 0.123327085547051 -0.205756056897919 -0.438632299367435 -0.161629495960136
145.401381219709 -1215.6980264743 369.742988180921 0.0165910121306587 0.756901028606656 -0.653318889385482 0.999693293967929 -0.000541929430114959 0.0247593279283038 0.306442541248252 -0.5195138890773 -0.354363982899996 0.381562566991754 -0.00469208892440765 -0.0775571819976264
145.844243837023 -1215.84960065213 369.461224133668 0.0421637031253324 0.969373736191834 -0.24194375734856 0.995494566724633 -0.0613451310661946 -0.0723003631763273 -0.40922653306098 0.593578450691837 -0.570159646435637 -0.276898120451302 -0.300164665854328 0.144746137826745
146.197927799189 -1215.86815449443 369.11363177994 0.141613374838021 0.837492540797171 0.52778015889123 0.974190542980678 -0.02323210393297 -0.224528517751404 -0.0685293284351846 0.278876602444147 -0.408171076932191 0.300867106097508 0.115481161807454 0.00850510006841492
146.694473685317 -1215.68354314122 368.944551418306 -0.133407336703085 0.518627037587045 0.844528553913066 0.99103490225679 0.0635923381832051 0.117498242615904 0.162816704701872 -0.356744910324502 0.199204221001476 0.388658002164835 0.271938160777914 -0.726201249037072
147.127232152516 -1215.40668363996 368.99722871146 -0.134085179588877 -0.21951456321812 0.966351137601304 0.978199478110775 0.126728367388765 0.164516570348589 0.400603954891618 -0.603282219352049 0.0404501211497851 0.0587829761592639 -0.508939067891306 -0.428923519874746
147.548253652855 -1215.07224873709 369.165439503307 -0.155201315230524 -0.745086350207163 0.648659296119825 0.962717187838619 0.0331883443117011 0.268466292126549 -0.367477953486502 -0.275339962522617 -0.101498682052259 -0.202200876986568 -0.0740093362933869 0.181495026083008
147.811569968051 -1214.85003432189 369.596826037098 0.138853271364828 -0.985390004406361 0.098622047099522 0.901482896301655 0.166993561944174 0.399301562605095 -0.310590027555518 -0.555079613213882 0.064418283355226 0.552600751752917 -0.176081149661743 0.135553042425957
148.1346241356 -1214.90771122554 370.086854530208 0.206842072378921 -0.838981278377545 -0.50331577725527 0.91187496482984 -0.0211061417043824 0.40992508986952 -0.309792011060212 0.321587671469484 -0.00507407980161353 0.0795283647072534 -0.152090785490039 -0.146731471020428
148.584124376125 -1214.96023146786 370.377610909676 -0.0493511291213963 -0.781153427000413 -0.622385563431937 0.849558108137069 -0.360494456396986 0.385090596912662 -0.210047878965295 0.0816541093499848 -0.0261813193989712 -0.190632474106242 0.474810723143444 0.442782582997579
148.736985805406 -1215.34183088335 370.5996332749 0.414220405183186 -0.333721946727114 -0.84678870928392 0.754303793694325 -0.39478604416367 0.524566264750759 -0.265495844059173 0.479446605606248 0.0844314744369555 -0.263030974400604 -0.523516993892196 -0.14768347986757
148.955651815577 -1215.72073330303 370.771298747769 0.676460750614983 0.313744012382592 -0.666307397191474 0.719607340455479 -0.47411520389923 0.507326373226648 -0.17427743054941 -0.411525482935408 -0.417492686548777 -0.0595852704341998 0.085528863179563 0.0115087688015025
149.227071088533 -1216.13512771774 370.711096030756 0.758676100535699 0.615048062049184 -0.214770705216307 0.631948202280289 -0.614705568506567 0.471994209345382 0.202836919255605 -0.239095932635531 0.558986588177905 -0.334342471396726 -0.163550244420254 0.322943890814084
149.612599868524 -1216.40308316008 370.603857410244 0.461373829586524 0.761137828424483 0.455854577160704 0.80832265472608 -0.572420227879318 0.137657431962817 0.102036353963432 0.334744165957208 0.343452503570675 -0.270810866482601 0.296970721876573 0.407985916716987
149.912652215871 -1216.41564631373 370.1012291719 0.314266836661423 0.641762539217475 0.699555000421943 0.93054196033682 -0.354138684678702 -0.0931528424477347 0.0818376215581087 0.26559288483576 -0.0438951833021326 0.193283280361382 -0.470525710340305 0.426125009018387
150.442255292479 -1216.1113585549 369.973060816547 -0.19686722760089 0.659171188914037 0.725766242282226 0.927921844674184 -0.113734090158098 0.355000854834745 0.512270007864691 0.219661930557478 -0.218362576671163 0.0566617023250444 -0.100276098008883 0.273086017133511
150.951032253377 -1216.00103107911 370.069771409437 -0.516896749423102 -0.0617449006970139 0.85381808227641 0.855935480276168 -0.0211248690451081 0.516650939676917 0.323833416336072 -0.0142973372906029 -0.321780907082147 0.673432247055807 -0.14477096803111 0.517383661298369
151.286192806508 -1215.72993209285 370.400815704686 -0.525061023677952 -0.554091952053848 0.645982221193751 0.746935482003692 0.0637864697203168 0.661829790819022 -0.453959667682622 -0.518345863664798 -0.198325765317078 0.0751518576756727 -0.198523239788782 -0.331907094663665
151.463281962967 -1215.50668289138 370.798403476291 -0.197275089872563 -0.952191415576508 0.233268187070259 0.750013170797964 0.00663966228723379 0.661389566411484 0.173855280814325 -0.493347377818965 0.117710716185783 -0.403863200211721 -0.13899136152836 0.135007619735008
151.679336782186 -1215.51243570849 371.297499751371 -0.0510642785808312 -0.987493064325299 -0.149163961106092 0.555365045339728 -0.152213200679677 0.817557831544427 0.643788156887972 0.355842498968917 0.360430005155517 0.138783396231665 -0.301475762750854 0.446053349625252
151.733248602183 -1215.74628976512 371.756949881007 0.270652575180026 -0.812678841109629 -0.516042909812118 0.534747439298318 -0.31882499956076 0.782557215686952 -0.283309465397684 -0.125355620259532 -0.0111890336075935 0.0124938737045179 -0.250646781575254 0.131410826790729
151.713404922375 -1216.15417532807 372.085735922031 0.732040413507541 -0.282394104331513 -0.619976130841162 0.53463200844416 -0.325902101060027 0.779715612292952 -0.183020417339463 0.58435407899719 -0.364564657157369 0.0873365917135517 0.0662058571039737 0.112179810960364
151.800777474946 -1216.56047245141 372.317644031738 0.87626531018101 0.25087812731118 -0.411362700568053 0.481822047690709 -0.451687138046182 0.750883641913582 0.0708065457663293 -0.268140766756933 0.366146491175365 -0.25012573365513 0.0631687242184908 -0.196204293146945
151.999429025577 -1217.01912606935 372.448898118584 0.750652076891976 0.660624554096374 0.00983147830254536 0.460493682514637 -0.533802849265084 0.709224990016429 -0.0647134400871652 -0.756863937845893 -0.305836335842655 -0.347456616789065 -0.57476812075014 -0.196085035379009
152.412495043724 -1217.30322604206 372.749519726717 0.256073008307749 0.966553640077869 0.0141659877478731 0.549469933068886 -0.157598939348022 0.820515305731252 -0.302278285297289 0.0662742712371259 -0.0345919368201141 -0.0872655090562587 -0.162866158749197 -0.0807441444008787
152.895536552472 -1217.33181004013 372.913992443289 -0.177123252568206 0.940257958363299 0.290761629400872 0.524159705907778 -0.159926506011868 0.836468837062723 -0.258593846383167 -0.162373541116549 -0.172778770639514 -0.317020309940577 0.597469243599169 0.667923195133455
153.332286547307 -1217.20450277556 373.242761212397 -0.694592780243945 0.583289390473931 0.421087112859268 0.507782026334683 -0.0171220213649816 0.861315418491558 -0.684960364403417 -0.554001028105334 -0.274065804792091 0.171049381217828 0.198203767621494 0.0469590144534468
153.639062192438 -1216.92246975914 373.609818990811 -0.902148250112834 -0.0772918632496878 0.424446112833819 0.426161634558168 -0.00642686630955172 0.90462420740549 0.253453125334582 0.207806319717059 -0.036117114310285 0.332866518382864 0.11913673820454 0.113045014706321
153.715980806176 -1216.72959431849 374.118109471823 -0.83245959598988 -0.526955802144883 0.171255959440608 0.281232661319634 -0.135529518682208 0.950021020704409 -0.194610208212643 0.244558703199722 -0.460650127944696 0.17505768434705 -0.915468875183198 -0.032457448219009
153.547336951182 -1216.65321163749 374.627779941007 -0.257713408956383 -0.965546387772477 -0.0361105514911266 0.282848512048718 -0.111125243789477 0.952705568071229 -0.407997600327676 0.354145615792313 -0.147453962591496 -0.883908010011768 -0.0246572700588255 0.120894210494266
153.34990576017 -1216.69641671002 375.118590747158 0.320214190734443 -0.898595040793267 -0.29998304068291 0.27890000335606 -0.213202478435589 0.936354362040503 0.0430021824916794 -0.287741970299962 0.0529429077505671 0.126448880238336 0.211731875781033 0.103061106527865
153.219626186383 -1216.94295939816 375.551090735192 0.650160091613745 -0.602742098367065 -0.462594658527748 0.262806027390175 -0.392860382652261 0.881245545628942 0.314672894315925 0.159687102227959 0.177926037453805 0.0360412435993217 0.461729140637079 0.028181608743511
1661.57772716324 -197.493011786978 -418.162808203659 -0.49717582229832 0.850703217762087 0.170646526508914 0.683035623654678 0.505028600517645 -0.527644245184836 0.411932510875339 0.092293830122079 0.373601696875399 0.29654646330716 -0.0555648703131992 0.264108283974983
1661.78302223549 -197.121110559911 -418.53772589613 -0.221742183661439 0.708072592976234 0.670420470379037 0.592961723298364 0.643723010497231 -0.483753119370477 -0.406685892004187 -0.022992109944736 -0.12970853903664 -0.142862675176103 -0.309604505560348 -0.503600038523638
1661.69798204592 -196.713456156541 -418.83928338285 0.228861922454753 0.431752597682327 0.872474592664527 0.360108335397279 0.795132718462344 -0.487940515643676 -0.277516373624914 -0.104824255332496 -0.707568012766469 -0.355211111635698 -0.183272284255136 -0.429199782475019
1661.72384675697 -196.187554160638 -419.023322582855 0.566972696956146 0.0154776849709275 0.823591162038512 0.443734859480919 0.83661955060127 -0.321196360587848 -0.2022002296427 -0.417596899128935 -0.407731226300921 0.212817640383928 0.181972827766402 0.0862936978321218
1662.93302344466 -196.260633026925 -419.527767275142 0.373612765366271 0.835456346461116 0.403021332861697 -0.497619867299705 -0.186146046390806 0.847185999116101 0.422952296859133 -0.524205969533747 0.0696005788235138 -0.060052022610845 0.260582486932184 -0.145471426092067
1663.01664200532 -196.289880801833 -419.010921897083 -0.428586029603737 0.901714416146038 0.0567902015829699 -0.365182285002941 -0.23037853096005 0.901979839698547 -0.0774268444142915 0.302235682315023 -0.122610519193116 -0.503887627879711 0.564633343971334 -0.291324497382654
1662.86818348927 -196.173109228509 -418.49210611548 -0.785630126418338 0.479470119861289 -0.391016251036733 -0.587228444391394 -0.378880392096967 0.715270859558176 -0.463635108739137 -0.269900453731703 -0.159859785276163 0.0873287912729109 -0.282508061166135 0.296275363711732
1662.47684888728 -196.273961947878 -418.01149365211 -0.633769240734278 0.124674292539065 -0.763408717761685 -0.738361993834885 -0.391674758043239 0.549010427997127 0.0107052847588071 0.200906570999559 -0.688370168924909 -0.138619923224213 -0.117318675533228 0.232961431831711
1662.02301851105 -196.214312753563 -417.794222287357 -0.273854883609204 -0.416051303187764 -0.867124452375991 -0.819507751764684 -0.370957259474053 0.436804025270235 0.154282087369835 -0.249420555544939 -0.191149144935521 0.120623708341082 -0.240466768777955 -0.0968904500839612
1661.51638959498 -196.319182765144 -417.687088309126 0.267308617225002 -0.610512411785741 -0.745533834375045 -0.766771357722905 -0.603350761899591 0.219156435174014 -0.0298077418144516 -0.460125175060327 -0.0956943966874593 -0.145910070428318 -0.26266030893139 0.504155596037374
1661.05111779316 -196.441697788399 -417.885697465177 0.427692188945277 -0.895570059211536 -0.122611828911317 -0.858242448334609 -0.444900557953548 0.255897232163368 -0.109166408168513 0.197051078901845 -0.197024136287413 -0.400656645894358 -0.0566326479962044 0.3782496629674
1660.60849353706 -196.762887877931 -417.970802727009 0.637825941400204 -0.643964417167868 0.42247828097674 -0.769353485120835 -0.55814173771664 0.310761991803736 -0.236028510681977 0.0948946008570278 -0.250151132959626 -0.0895601623954757 -0.11820405214297 0.270951372651667
1660.33726926326 -197.171840197437 -417.976232078666 0.461358677789701 -0.138696924674644 0.876305502376098 -0.826345954310353 -0.426711448998922 0.367518303037537 -0.21464266998315 -0.0632549002876975 -0.130319438435588 0.103191559079994 0.166981222362354 -0.187018669172619
1659.21535083306 -196.650324748431 -418.876923265166 -0.966036239576907 -0.221930603912964 0.13236612431605 -0.258029417968783 0.856129274608408 -0.447731487181009 0.155965346823086 0.0155968817112746 0.271915768601896 -0.225246896326977 -0.114636750013301 -0.294760475836314
1659.1361543681 -196.375734199393 -419.366456686846 -0.75948687250788 0.0140265996760774 0.650371390050752 -0.471247410298048 0.677342318930472 -0.564918809460902 0.491350153929385 -0.308346418048483 0.576950934592288 0.393455981652506 0.377951949638317 -0.185881109363426
1658.76135032328 -196.314692998706 -419.634007855363 -0.26014851475098 0.605794502381 0.751888137415557 -0.454474499564161 0.610226941776067 -0.64890369763591 0.0329577628920617 0.176553535239457 0.0788233260136288 0.094374297643014 -0.405764004160825 0.296521182106953
1658.37968809493 -196.060080887534 -419.830186699464 0.574414335298583 0.66788487857227 0.473263098594024 -0.0760310530022557 0.61919504103099 -0.781547682653175 -0.561595795152181 -0.356498823734014 0.429760674285665 0.732527428781955 0.507047876886704 0.194297029918998
1658.17742794832 -195.691005713204 -420.080913486649 0.971075227459586 0.233397314580777 -0.0503844832520153 -0.197083899983685 0.664350596758237 -0.720968945889686 -0.173129169937442 0.38707535131783 0.396663255735918 -0.248320735794505 0.298442916073472 0.498889411095502
1658.56567136559 -195.637856347998 -420.581512900553 -0.185014714606339 -0.980411677997961 0.0675462583795251 -0.122428822446881 -0.0452028749138252 -0.991447368008627 -0.196369284431913 0.273826507925776 -0.0840548095278778 0.354501787719259 0.221202047856554 0.423172188708579
1658.66606694287 -195.826187632462 -421.029975009362 -0.834769292539006 -0.528586854543551 0.154130352121814 -0.0219543095772674 -0.24775468679119 -0.968574015486478 0.00325022602983449 -0.0403193827050188 -0.401813466775396 0.235689431300781 0.37099805724688 0.250940088558814
1658.73232503332 -196.089541662971 -421.383978064039 -0.963521746534638 0.266762537494892 0.0215311989764294 -0.108862648771941 -0.317161970666211 -0.942102546461728 -0.251642568824474 -0.558284589546851 -0.302093441460741 -0.0625912379023686 -0.445118032460649 -0.0266582870464759
1658.52066844659 -196.375981772158 -421.673713050785 -0.386388796555878 0.849813024940095 -0.358498982647121 -0.130354597972676 -0.435099234962319 -0.890896365765808 -0.274359276518564 0.301239456378326 -0.214714936912525 0.185890245739374 0.242075303067409 0.741276122247215
1659.87637186984 -196.507936760512 -422.492580957055 0.600009081615914 0.590691550187747 -0.539511440575273 0.777249710043814 -0.27077044041948 0.567949167468709 -0.946319962661459 0.0622052158181021 -0.397996576005159 -0.133672750914162 -0.437848467800326 0.047001793046127
1660.26859876664 -196.794416836854 -422.448650389666 0.246214798726912 0.965264017118119 0.0874279711015351 0.695995484619071 -0.238863551807921 0.677151747394921 0.293504275184 -0.292845205632086 -0.126592910783103 0.223168098799094 0.376392673829389 -0.773984922677672
1660.74147944549 -196.862330017277 -422.400848824348 -0.20387733445813 0.790404431040291 0.57766328245379 0.768871341119361 -0.235989518238223 0.59426072400383 0.262479655528051 0.70969329929439 0.0183625638631253 -0.0220780618320565 0.189361515166112 0.243013081253371
1661.24630651961 -196.807135711684 -422.225801368479 -0.625926595354144 0.233118977597521 0.744225395646981 0.673396744837229 -0.319802697241007 0.666530613621039 0.298753639556525 -0.170539138268158 0.220501981283223 0.122603963091238 -0.0226032792275329 -0.00101251530539231
1661.49131946535 -197.937581608867 -423.393031737675 0.0370618683461629 -0.545596125311491 -0.837228335574921 0.633132791523122 0.661018037593503 -0.402738155883165 0.398459700923682 0.322134297225021 -0.0572001166453883 -0.139684435362035 -0.0565085193109751 -0.279217082152541
