t = 2392660000
b = 25 25 25
E = -1.18078708483529 -1.33811342671895 0.157326341883654
-684.775374870454 197.942101591146 700.450314822309 0.565578950977391 0.652071018315217 -0.504899828947155 0.344862454995727 0.369124795533137 0.863027677681986 -0.129151824696567 0.3903713962592 0.470091839145359 -0.00858491714936608 0.122417226834526 0.11032275652025
-684.467405527358 198.02547913594 700.765964908499 -0.0909800787271938 0.925031219956143 -0.368835827113097 0.482083687730925 0.364992362337322 0.796477176977787 0.139402181293972 0.408401903319935 -0.224755296759306 0.128971122579832 -0.17448096276665 0.239302223708716
-684.04078341289 198.343168992606 700.916399125698 -0.682983521249547 0.730342788836356 0.0115291139902322 0.369634112139048 0.331965248725871 0.867853499590685 0.0522496427775596 -0.633905043323016 0.0821195672685258 -0.182917312535757 -0.167380932408431 0.0982785744596947
-683.781877410249 198.765101678407 701.089731350045 -0.918304029320272 0.181775889667021 0.351674900526091 0.390949613083991 0.276706133935577 0.877833762995653 -0.303716901005167 0.0451544074464919 -0.465690381634999 0.36778476821439 0.164438985310282 -0.160111516977237
-683.670907847429 199.203101376608 701.425411618051 -0.839697186515056 -0.336753611014722 0.426034787815251 0.339780469273294 0.286186148376554 0.89590553139151 -0.408127186254969 -0.15919510252931 0.0144413892022991 0.453430622994047 -0.332588338592856 -0.221782811942
-683.671943896491 199.580131671164 701.774428174372 -0.481623281368345 -0.79193425135677 0.37533872219836 0.229843339017422 0.299150252696082 0.926110774059408 -0.346629578080344 -0.226065776400708 -0.0526374945897324 0.282637540528537 0.242702543109983 -0.367179721998661
-683.879656980195 199.785300426514 702.165451169236 -0.118562439375186 -0.944190480436814 0.307322769449534 -0.172777581195841 0.324401700989067 0.930006152576514 0.569953256126638 -0.173112609573392 0.26060519097617 -0.112324456877286 0.854203695157948 -0.160256879452245
-684.164741862545 199.887653073404 702.600077183261 0.583538684199586 -0.764241437284294 0.27462270406837 -0.0679637034840642 0.291024039195116 0.954298665842314 0.115677761231496 -0.642332465019524 0.377140442526884 0.527619649905365 0.0656677484151963 -0.177212782849879
-684.33494876622 199.777557620176 703.186842941523 0.960610255691307 -0.263931001787302 -0.0869963385408382 0.162716467694702 0.280412981095537 0.945987267950178 -0.0472177130106064 -0.0801954908073019 0.439619648832137 -0.0140456633716223 0.148456670096567 -0.0975731002926562
-684.288181072649 199.579897848638 703.607537708269 0.935766115103032 0.303038829402617 -0.180303204734593 0.161814774477089 0.0852719559063774 0.983130038318589 -0.33480083907568 -0.318348611315054 -0.168764104478329 0.29031558238588 -0.0895124052955749 0.574017760535622
-684.035204256283 199.307909578387 703.949795481726 0.483863237650317 0.87391418786015 -0.0463719687004055 0.136886801303944 -0.0232421920595359 0.990313992694073 0.402754144757812 0.292420016420677 0.128565687878305 0.21651348232046 0.502297038664496 0.262182263444115
-683.64560571555 199.173290824207 704.406270389298 0.179241152704736 0.955532482148405 -0.234158674288092 0.244047370893882 0.187388171525172 0.951486496981889 0.342093511875225 0.0985956575189229 -0.465848961881517 -0.0155441636382958 -0.794549626583035 -0.454732537438081
-683.297444658535 199.308909534233 704.719553435111 -0.479463987923294 0.872928906578702 -0.0900522532662123 0.274763339894223 0.24678400608449 0.929302298163386 -0.136709872207465 -0.407789797196181 -0.0408814284098027 -0.251487467477835 0.298030300599903 0.0618202999431352
-682.981830017216 199.546261679272 705.101396633084 -0.815885638995674 0.577273374033695 -0.0329556614248984 0.305405940787261 0.478637900577253 0.823184652035726 -0.0801693389730556 -0.0532205892604299 0.0290833218617316 0.311837682013942 0.0683249393633665 0.0281306575211251
-682.878912267989 199.927023294195 705.362875304554 -0.959724698301136 0.045413857647129 0.277247335458298 0.265398290229582 0.470256212115697 0.841678586236512 0.632705519333091 -0.308739640675052 -0.112206521591873 -0.438287049250807 0.0906569744739818 0.467269997137178
-682.868820348669 200.355126722456 705.532739732758 -0.665624487641425 -0.511322063790673 0.543593403723514 0.213625297065542 0.567370988150512 0.795270013452767 -0.275614594494532 -0.288981881319806 0.665449676424236 0.423184278831131 0.0296020671197505 -0.130840032318531
-683.062957258806 200.709579727429 705.853991977477 0.210356493335091 -0.76933404376729 0.603220751292109 0.132560570215155 0.633774377247605 0.762074624920664 0.100990013617639 0.370926554790549 -0.274752571526738 -0.508788317186912 -0.16251791957136 0.207930423322809
-683.133618359476 200.894801763048 706.328455647617 0.901287253304869 -0.426252843589949 0.0773938005888399 0.26197199924269 0.67852958779182 0.686271280261746 0.278487048903272 0.124923960640948 0.25778282982264 -0.135076145828466 -0.0663741200244158 0.354925808057375
-682.870340829888 201.214811671121 706.711384535959 0.792743329143899 -0.551451376381028 -0.25972946222702 0.535087622493255 0.425474846591689 0.729830385182347 -0.0873216585715996 0.226118085419661 0.787066089466102 -0.172735253138799 0.399224120032188 0.350388240190522
-682.610138731152 201.099074427529 707.174968971249 0.729038443012324 0.109429767945747 -0.675668612929057 0.59709625152941 0.380926813260734 0.705953843638971 0.0434413963055482 0.112561579368066 -0.135752130962349 -0.0214888181331942 0.252659019299042 0.337937956788138
-682.264742765189 201.093065229736 707.563494118528 0.389685350701863 0.586928453803185 -0.709690296939242 0.678371547013119 0.338248516412974 0.652226943134624 0.576913374291175 -0.536307775263429 -0.192649580044822 -0.422530534193163 0.256712838226334 -0.746119940318527
-681.807752614824 200.982830234009 707.718076390948 -0.00747402386699225 0.90766184454242 -0.419635693084569 0.688126308310892 0.309153135365448 0.656434705582731 0.00613841701276969 0.469456623040043 0.336724746722646 -0.0450000374526462 0.589785109270045 0.232331007877358
-681.32304355309 201.018838390676 707.765498786869 -0.345496632694321 0.935953012348311 -0.0680002605625111 0.697481695092958 0.304594010207086 0.648646108394288 -0.307928948931051 0.113191790603266 -0.234082193681046 0.404854306173295 -0.0657560281727453 0.157273717612455
-680.879202179348 201.240457230737 707.896854477797 -0.711806433229512 0.671499684391215 0.205960616297712 0.657288269845761 0.533463074593734 0.532343196030146 -0.688406673385538 0.196256564331315 0.0406178229327336 -0.109324421135055 0.0530865247828063 -0.0207752493322137
-680.654307477093 201.721840465943 707.931787251201 -0.612931130897349 0.0801235632477069 0.786063383827818 0.693802195038533 0.530625132737653 0.48690397685034 0.0654219616295606 -0.389751850898061 0.0547388271810171 0.278704599013679 -0.0156084309603007 -0.301194279531887
-680.638333180402 202.17575746831 708.197308547963 -0.238827616440976 -0.505261386684498 0.829260092342127 0.394366162455953 0.729910538937308 0.558306309347642 -0.373646799575802 0.0917259076289998 0.330922584434618 0.0686302704821248 -0.209040850077876 -0.235148037617795
-680.735229316105 202.5692807612 708.462061701877 0.0877405154741366 -0.629427218744361 0.77209000657219 0.016964848821346 0.775910969020917 0.630614273592439 0.192180859402915 0.574552245395569 0.452266483603652 0.146486115839801 0.0189658075619575 -0.115307945785268
-680.592919265367 202.822650907246 708.984136041453 -0.295830257956478 -0.914773957383065 0.275087377751941 0.353145901676791 0.16284165574481 0.92128745096287 -0.0219499732759033 0.151191159580215 -0.698850980396171 -0.073235997803333 0.262031359379932 -0.11510132508289
-680.772378048491 202.933411864911 709.439730266623 0.365209596812572 -0.923344634634822 0.118560684835504 0.305115959545124 0.239047712469413 0.921824518195251 0.465188767951416 0.38361268220408 0.183032475968242 -0.276263709871265 0.201886960590512 0.596014714236067
-680.834162402644 202.76497853907 709.977171971014 0.766351089885123 -0.632002881388046 -0.115231787754333 0.331964892989576 0.236014350932304 0.913288856796741 0.426937930536287 -0.121675768267151 0.106812292462135 0.099251575739675 0.316043375861227 0.0779204360549598
-680.78954185014 202.592338736134 710.434771366129 0.973086369858824 0.0370656625854406 -0.227440219490071 0.2280288149741 -0.0124559161819213 0.973574706781582 0.140751681352124 -0.463997875212531 -0.682400028935066 -0.179834119613413 0.610606839016798 -0.414855477239311
-680.458994848977 202.423574474657 710.941167145138 0.788390934982636 0.410932181817096 -0.457793048858195 0.523877373923053 -0.0583843900804982 0.849790421272481 0.0202940417098703 -0.133997633211551 -0.350570027056701 -0.991137676224268 -0.221072837153556 0.334428332747357
-680.012499090307 202.183677624794 711.188934708389 0.335975707318987 0.919560902180643 -0.203784374395876 0.381664180378507 0.0648826802978458 0.922020981972305 0.552676101010627 -0.109564959490548 -0.525035872033619 0.476274068220025 -0.533467606915473 0.0057513498765939
-679.56856188399 202.152856020375 711.485259792202 -0.263145761533216 0.964524759035907 0.021125751865843 0.311437900112065 0.0642019175040069 0.948095221040819 0.328633482657086 0.757349596480797 0.415891572109139 0.152881726167999 0.152064720317614 -0.193682021356787
-679.133509608414 202.321027381279 711.732638485178 -0.655494000816874 0.731695699201665 0.186946566452462 0.398910839006898 0.125274557669803 0.908392221321651 -0.363516766849287 -0.00218739285332439 -0.39050969089914 0.16114014161629 0.364703336273053 -0.160825038821698
-678.897525828804 202.691691601704 712.161713979158 -0.94239873529743 0.20932152867578 0.260900596729236 0.311548247571762 0.265394071908036 0.912416394010808 0.158160896276888 0.111926168452997 -0.201419350378552 -0.279930928076125 0.183321077884419 -0.112731274344728
-678.802188548407 203.051547887292 712.525372239817 -0.916619567798885 -0.27710066169512 0.288138493075587 0.20815093641005 0.284531207441889 0.935796548209151 0.0974731104376383 -0.273170161663654 -0.367947902307189 -0.0326707722261089 0.0957227052586206 -0.515018519693192
-678.927675662981 203.385711850505 712.921453903139 -0.539698500901296 -0.782337948623534 0.310922598487465 0.121285783197641 0.293219304033917 0.948320725559811 0.280079683832126 -0.158626053691934 0.0414397620175027 0.280270180445415 0.120609981136913 0.360942316842406
-679.139555763218 203.63970723206 713.321313415988 -0.0284650257557942 -0.972346368238224 0.231802248472893 0.087945845875838 0.228560820035139 0.969549111541437 -0.0858840835036884 0.250887056744917 -0.120789820859929 -0.111337836741347 -0.137622190504188 0.0624875957000971
-679.448425441957 203.762180149836 713.789562967874 0.404875812708862 -0.8914686305616 0.203369754223976 -0.102431338556259 0.176795131542417 0.978903111802351 0.0934826196357255 -0.158845788913215 0.270537374466457 -0.547744574617276 0.169055426918974 -0.352530568332409
-679.705858649061 203.72302511714 714.182154136926 0.841585259218951 -0.525269128894919 0.125803790406701 -0.00990022744053481 0.217875635806623 0.975926325501627 0.0775800095645559 0.321346153729203 -0.0493125489938146 -0.297905286686177 0.218699219182135 -0.565792269713106
-679.783318439288 203.452215327804 714.708058381918 0.97955092736561 0.200988360574118 -0.00914656133523914 -0.0123630421944138 0.105503820582306 0.99434204327003 0.0966023474450651 -0.816645048361154 0.287554290814895 0.102712067808936 -0.216871170033879 -0.0703354266655096
-679.509467295676 203.368981245144 715.140192856838 0.459892528460834 0.880767988012085 -0.112900901025202 0.0914734332459556 0.0794771935274169 0.992630841080447 0.0735085597632637 -0.181783478354219 0.131742897073194 -0.610890337735755 0.0814956642303175 -0.575059506781976
-678.707045282817 203.927248163357 714.957455415372 -0.540105083488406 -0.779233692539777 0.317932935102349 -0.00864625142254577 -0.372615515352094 -0.927945537231628 0.273054586209638 0.0717552175643711 -0.491082377150086 0.284796073489738 0.0477720726983991 0.294509104748917
-678.574561557655 203.529943489479 714.548951730177 -0.976302416944898 -0.101908415296127 0.190914288405725 -0.153838513931997 -0.293651992159095 -0.943452287668383 -0.160613349981342 0.263340559922023 -0.0579857802464782 -0.297660742014512 -0.591206613520888 0.939660328826423
-678.702680645783 203.095253778921 714.352396757058 -0.807331693973003 0.578739471369861 -0.115222221012838 -0.111205726223667 -0.340976439604809 -0.933471131912845 0.107082762265772 0.250438166243093 -0.286908248066221 -0.238724233277631 0.235235645616119 0.759993532747772
-678.968760970222 202.699634573879 714.025023770716 -0.399745209081209 0.897473314207293 -0.18640122876741 -0.181941918842445 -0.276997353353091 -0.943487999070958 -0.198045347069726 -0.52106570160545 0.23088398270014 0.342703932824433 -0.18945711003111 -0.594344728712583
-679.269141179476 202.527461909852 713.704596965884 0.225213574101161 0.905156185024235 -0.360515085181487 -0.510164671862114 -0.205685360181944 -0.835120075272289 -0.00478924962196569 -0.086464333058278 -0.165888858036437 -0.141704238724112 0.0524163663442311 -0.303792112541188
-679.609297220547 202.467143704846 713.271705624488 0.624196316595154 0.736346367383847 -0.261099570183588 -0.380946755161947 -0.00492009469978235 -0.924583886066942 -0.408654096945094 -0.0788828602414128 -0.363122231829912 -0.55186217141436 -0.173578145431118 -0.441320704105293
-679.907870899888 202.670647697667 712.855927900449 0.8881541178116 0.36252214633381 -0.282418052619647 -0.287089432810285 -0.0421695313954375 -0.956975124130162 -0.0488791588607715 -0.198563004640176 0.208571734118584 0.138667985585716 -0.195759679556529 0.305233664933154
-680.038353219537 202.96455252358 712.416474531747 0.971898142195346 -0.163394396805051 -0.169458762675918 -0.148399482700764 0.133532710002998 -0.979870710273865 -0.192023084564401 0.0927396005239236 0.595140068755341 -0.098647121922334 0.0113733052248102 0.028122066002981
-679.905697942581 203.211588256473 711.979799454168 0.560735130546827 -0.79636182470478 -0.226680298150195 -0.272198721862468 0.0812577642790048 -0.958803958894033 -0.572124304213364 -0.206525434996436 -0.480799524020167 0.301454972416941 -0.466890448556431 0.412488163409422
-679.683200680203 203.332559869449 711.515857588994 -0.011276509051498 -0.994628617962874 -0.102891946431147 -0.0793595939660434 0.103464116795916 -0.991462168396473 -0.113383703527802 -0.465427844228873 0.303271539470735 -0.238236762902954 0.330471828126196 0.00317954861917509
-679.565332935827 203.235145410201 710.965823433034 -0.402199807732981 -0.895676308367779 0.189734723394696 -0.21639319668432 -0.108366464496936 -0.970273514934673 -0.219310994041978 -0.17407549749667 -0.835941162478925 -0.560675604713543 0.471304975198171 -0.0257507626745992
-679.513851984901 202.981800783176 710.41250673129 -0.709932499834982 -0.556930237160538 0.431073725269123 -0.33651338196815 -0.26944067797782 -0.902308408921359 -0.312034896036742 0.494652142563686 0.0251693429752691 0.998636917825426 -0.0816228551070266 0.0764888998264939
-679.680315752068 202.629222321315 710.005322604295 -0.868843823342166 -0.0519020899508204 0.492358186366984 -0.413294907451108 -0.471492085282123 -0.779026657419419 0.253359208129585 0.24253591971659 0.0692222930590181 -0.437939899920954 0.249510271920635 0.239708099047449
-679.933233972308 202.060811550057 709.810742508889 -0.79082659133518 0.592391636625189 0.153835793028192 -0.384841650888248 -0.285852099173473 -0.877602120018831 -0.198875217762454 -0.126194183959995 0.0823519964224449 0.188380025190747 -0.153856573960633 -0.0872726757462861
-680.316064629758 201.790450443762 709.564859343209 -0.46604956447375 0.883982628881602 -0.0370474724936181 -0.560252443599554 -0.327264304543572 -0.760930531890169 0.397286708178541 0.209650855901173 -0.394893842220501 -0.261839401652322 -0.266676135419725 0.0791813867035088
-680.836269800628 201.704558823689 709.342175774053 0.183866735490173 0.912736530832746 -0.364835646397978 -0.497468491640184 -0.233712625615318 -0.835406193695742 0.0759157356989197 -0.313501243444523 0.11245331025766 0.327677234183446 -0.0914508622920061 0.0979110829325148
-681.239598224181 201.780779326867 708.987374852214 0.764552113101899 0.485602454238113 -0.42385176981816 -0.350097029680038 -0.239268586868411 -0.90563933943578 -0.367899683610054 0.00937995867109919 0.270225842386437 0.204750663359477 0.159226699557007 0.022231415392186
-681.414712966802 202.10136766136 708.664362862682 0.714806904986278 -0.376525560119053 -0.589304328114566 -0.694810387805816 -0.286815419740406 -0.659526678741103 0.00662391500486908 -0.212021210610159 -0.0263954669263891 -0.261138203740609 0.858124650136525 -0.135361289693683
-681.70846225531 202.052698480135 708.166669880823 0.735363475939353 -0.654701696622475 -0.174946410800184 -0.484399277494141 -0.327281205496047 -0.811322594567485 0.700797762986365 -0.0162927430060081 -0.271194073189646 0.175275034893029 -0.100429104644709 0.0740031674014259
-681.661255703175 202.139397872639 707.600812337325 0.262862712892505 -0.948864520821039 0.174812228499878 -0.544033665157301 -0.295399441334798 -0.785344854948817 0.157079165756217 0.0382152942169275 -0.406140074860158 0.517652641993168 0.649043796619126 -0.309148129418026
-681.71984888731 201.974712111861 707.154773924334 -0.118843013361624 -0.883326225384453 0.453443621345282 -0.408603440931842 -0.372710069162249 -0.833144904811638 -0.0860549508356759 0.416319821130622 0.117386607228027 0.308530186735169 -0.00731160572265031 0.205085728977952
-681.688693928645 201.674610650803 706.695771874902 -0.539361497523687 -0.497847816501806 0.679144113254731 -0.379329203984114 -0.576402763977322 -0.723788096515484 0.125048309237392 -0.586087314599134 -0.130260463976987 0.50326252940763 0.536155404120535 -0.0481726065485809
-681.713551617287 201.216460111318 706.492795829128 -0.857055564340273 -0.0329047498598221 0.514172186212974 -0.33990863539391 -0.713857864439345 -0.612265521625305 -0.332969457356895 0.440107976700555 -0.0689105387057981 0.759474218340988 0.336924135604012 -0.849887448467651
-681.898127443062 200.64725170339 706.400705121435 -0.835124679896281 0.519248346558903 0.18151562905827 -0.500161061367412 -0.579492976377363 -0.643449145606077 0.402396093595873 0.0340246992684711 -0.290634625644548 -0.375980737253298 0.371204240338534 -0.100557844754162
-682.288467923958 200.307272815154 706.220767288158 -0.358081609028495 0.870351441585537 -0.338032438360523 -0.394854035790699 -0.469230638235509 -0.78988157247998 0.612864756397943 0.133667658899313 0.432442627668442 0.121545434850717 0.0904604409742419 0.052180529550611
-682.887179188952 200.038029154188 706.606070633408 -0.503825219228 0.862471942652324 -0.0479822530038422 -0.65626277564372 -0.418301185799839 -0.627967584561817 -0.172149686201839 -0.068074331939059 -0.213706406128145 0.344275219872757 -0.289897102159889 0.379107782404078
-683.344468858575 199.808825010401 706.491730483621 0.0345684560721722 0.878635552143531 -0.476240053259614 -0.516128278020809 -0.392365097315638 -0.761354865367504 0.323855236833145 -0.402274389013345 0.601728268118664 -0.172075427812899 0.48764825581461 0.144414662448564
-683.760002695672 199.818813958202 706.113250525358 0.721787938348461 0.552589215016412 -0.41673412569266 -0.337526308807693 -0.244626698026614 -0.908974020248607 0.523669150260225 0.128742838346684 0.0164062875033757 0.0254767970691794 0.384101486731547 -0.192785395086975
-684.024511883608 199.885195716362 705.653341459874 0.953690050834425 0.0305172987315187 -0.299239003746546 -0.295223356484155 -0.0955596036334659 -0.9506374345122 0.382936271300445 0.268054649586992 -0.164044869459208 0.312685114073931 0.100682153937508 -0.0296412814155903
-683.968914537458 200.194079475958 705.218120014425 0.826226540462533 -0.528529960360719 -0.194950723928759 -0.187831330641627 0.0677973234954046 -0.979858619442918 -0.525998099933114 -0.184888632072055 0.0543547282503291 0.1173399347367 0.160772615721092 0.0172692672078625
-683.833581248437 200.344900782341 704.64013140341 0.545933505646201 -0.833964881050756 0.0803690524053104 -0.0909357715401146 -0.154339710657653 -0.983824140365363 -0.243481161981887 -0.0806421444265394 -0.14648516631884 0.0733728012418684 0.047029455588483 -0.441941580918064
-683.518839672829 200.341110375954 704.189463605318 -0.0946224584735946 -0.979956519569835 0.175304906195441 -0.0409037402429761 -0.172119195164176 -0.984226532210477 -0.0149798809118168 -0.200333784132916 -0.0206177349229911 0.236423069345275 -0.00976621843688504 0.159636413323473
-683.310070204311 200.274128474464 703.768148228906 -0.612589544549571 -0.758136352340341 0.22352476634384 -0.0314660856610819 -0.259183094506564 -0.965315497117561 -0.243314283102256 -0.344026912674515 -0.174297471660334 -0.456868145770153 -0.494860273760115 0.0983396894455408
-683.166564208162 199.881578095937 703.401089478518 -0.964980291371049 -0.169766752295552 0.199980716651017 -0.10052799507603 -0.464821721392386 -0.879678855870262 0.276297408977061 0.212678262897335 -0.0771619585857744 0.112451869890241 0.0960267192341111 -0.20238431600633
-683.245278102292 199.411904751416 703.069040516385 -0.955327604236018 0.250782860329052 0.156387741043101 -0.280065104567238 -0.599133593199372 -0.750068313355394 -0.267836300612353 -0.0808366021070249 0.0308323170077425 0.235940017598062 -0.111040850215568 -0.0518586120978308
-683.532238425528 198.953499067622 702.923863821109 -0.51536093634851 0.799896296757631 -0.3075207630073 -0.259633594098572 -0.48771760890363 -0.833499808485666 -0.38632603684851 -0.230272948286906 -0.0959230561139089 -0.219117464225749 -0.057281520805131 0.0294916873062793
-683.847774304855 198.667246721406 702.614202143554 -0.0322543756819357 0.924398372273505 -0.380062237694096 -0.411261229277272 -0.358851884413929 -0.837907826852065 -0.492280081808392 -0.0697460290412835 -0.0904650553922304 0.670939370347814 0.0354281042750247 -0.299200855133457
-684.225299982077 198.613293397116 702.228687755185 0.455381236695866 0.807343390272272 -0.375266011573499 -0.50158726351562 -0.115590112159231 -0.857350070301839 -0.126078797364268 0.0792399138208467 -0.0029654466252422 0.0243304478414091 -0.738046220306946 -0.0534231879207089
-684.613741536727 198.79889051688 701.977620176204 0.837179708165709 0.247802540739506 -0.48756952022044 -0.491046175012369 -0.0520041724819129 -0.869579910106227 -0.14436803773352 0.297542386939979 -0.00335037644116857 -0.541909088253254 -0.352239898071558 0.129031732660518
-684.880901306538 198.935363690392 701.397557943746 0.984492206600472 -0.0690847369157792 -0.161252579093807 -0.167405274643509 -0.0951668152392715 -0.981284235728005 0.167223435739744 -0.559064793695616 -0.00340249350116952 0.0460213280140097 -0.238775936152115 0.0251371066772502
-684.847374340054 199.193893931176 700.892436387101 0.620120752018959 -0.782133983378985 0.0609646203924958 -0.258219401515074 -0.276875414271342 -0.92556077360658 -0.564808348222906 0.131238065912646 0.392796751364747 -0.231352072152937 -0.764088471693514 0.214359527939262
-684.628497630833 199.117120548079 700.352432904652 0.060532358116415 -0.908181224013549 0.414177133594937 -0.364889855630648 -0.406352570021784 -0.837695041235188 0.448630094727594 0.19724287983381 0.519448847334193 -0.61400854690827 -0.505984686260703 -0.117196469665946
-684.463509248575 198.839457487835 699.999528971766 -0.707402317722065 -0.557484814940918 0.434502752572016 -0.222119450475927 -0.408253817662175 -0.885433097465925 0.127151636561064 0.122481036985287 -0.214763102810163 0.347409185006223 0.488162221012169 -0.162719673559911
-406.406641376552 -267.997607919289 1452.05605508859 0.111343890718625 0.979132085413219 0.170008521515216 0.70150470245215 0.0437351282368895 -0.711321580604232 -0.395775731807374 0.076894090195002 -0.0845882123245989 -0.180538119216118 0.042347095507499 -0.0677959470080973
-406.296517002246 -267.829180951791 1451.56580030027 0.445462292146473 0.622477099866501 0.643494837944299 0.756733811540992 0.122320048748614 -0.64217734636038 0.06522463132537 0.284548328292403 -0.369979652584348 -0.168687879489578 0.0706421092954515 -0.259311902138866
-405.988906921224 -267.570441707242 1451.24842097818 0.537189304591246 0.155567624532423 0.828991173206256 0.740815382488654 0.382879721765428 -0.551901882358421 0.659701141006974 0.249582751903542 -0.326270793077972 0.17041585121646 -0.126208289260071 0.462139710844778
-405.67205468026 -267.080692401021 1451.14096739806 0.582509089251187 -0.553440956940049 0.595303509315983 0.807801663397087 0.31287979346096 -0.499562516123727 -0.135959424023961 0.241035319617 0.310520100827422 -0.171556267215387 -0.100051053106306 -0.635933538997011
-404.861990569303 -267.565313398544 1450.37988165692 0.942931666106249 0.16075559411742 0.29161192017681 -0.308081629851586 0.08886074384183 0.947200864402915 -0.19140702746938 -0.345467452757272 -0.239382600294392 -0.182407802103375 0.315646417817958 0.133461306873527
-404.878824360229 -267.845881958989 1450.81638561867 0.530491371006242 0.822125785199718 0.206610983761495 -0.424645538191709 0.0467853765653276 0.90415004033618 0.382123618069027 0.158438066579835 -0.29667560638383 0.431330217189044 -0.23026408853245 0.103571707942442
-404.826231237319 -267.902275031913 1451.29630127278 -0.3022291661283 0.942304522213191 -0.143943456165149 -0.589014855276929 -0.0658818543223626 0.805432232743121 -0.43629756445133 -0.122914451219133 -0.0525846916615495 -0.383285629254117 -0.390827064424013 -0.688059143165277
-404.971576043312 -267.746803519932 1451.85644717177 -0.587952834218407 0.607387925291951 -0.534220341212615 -0.623118822968892 0.0810280744938366 0.777918622751315 -0.270427160616695 -0.0511681495688569 -0.0546395517063109 -0.200143459156952 -0.18091510890526 -0.158083144183205
-405.317314846775 -267.423142866669 1452.24128746807 -0.539716341106919 0.0703027595953482 -0.838906307723595 -0.8418237104593 -0.0376676733715512 0.538436613626893 0.126391655144507 0.236273839006395 -0.0631282676284971 -0.409625873517217 -0.161843514963479 0.147280953145553
-405.782883454196 -267.076525684406 1452.34453998167 -0.37825006986758 -0.569737414218144 -0.7296068554264 -0.921251170509265 0.154471313844751 0.356980243199128 0.269550390576019 -0.357300123239241 0.533928150080682 0.308221462067785 0.449207514911747 0.192194374215592
-406.172968187016 -266.868636629059 1452.2846181473 -0.302711517461807 -0.945043325828965 -0.123526715731487 -0.860405630623361 0.215221519840818 0.461932731235781 -0.440021657538974 0.295553279499145 -0.659484939733658 0.169570421411647 0.377903447241287 -0.250856853089695
-406.633827313137 -266.941350405256 1452.24598507543 0.250527112170276 -0.692432675007912 0.676589355987208 -0.874802087830117 0.137437864848376 0.464577378297813 0.23111313697945 -0.0977506161817952 0.217834547815156 -0.0942055348993767 -0.0186423060410302 0.0135755461158349
-407.06078520582 -267.105445634655 1452.40655371982 0.53156270912045 0.052476731197164 0.84539179022623 -0.833811601804049 0.207985653821016 0.511370883536903 -0.0313281902669824 0.140563116609078 0.325956142022728 0.237225407927502 0.0491343599583442 0.406640164144384
-407.337026965894 -267.222633228809 1452.74840300586 0.443075360521239 0.862031044526172 0.246143663711707 -0.85260843224459 0.320351232869638 0.412836467469314 -0.0654709391729715 0.258774899368964 0.806286601495352 -0.307493272629327 -0.5731588900834 -0.0198554563304806
-407.50441316869 -267.068006599425 1453.19791951952 -0.102333977572294 0.758616975928501 -0.643450107403058 -0.883384383102153 0.228084815661944 0.409401207232393 -0.426095752212305 -0.165119909027804 0.0977510992096236 0.650739971042537 -0.168600112308018 0.19126045536763
-406.969182808935 -268.381306667578 1453.62665569908 0.349516586013603 -0.728096470497266 -0.589672524157104 0.914777775445437 0.12914215094062 0.382758313295509 0.0958131573943838 0.0306778262512591 -0.332427006834232 -0.0405506259051257 0.319642272552098 -0.039365776274023
-406.618435814373 -268.631830049131 1453.8857144369 0.515738014188562 -0.220641417313142 -0.827847610192753 0.82323720527471 -0.139970994848142 0.550171450068955 0.0760736410137471 -0.0713908977368129 0.138378944671465 0.545334874357932 -0.35708916755801 -0.242941921827529
-406.352943962456 -268.90879922353 1454.03474556333 0.597487708411463 0.481537836115018 -0.641194003905205 0.77228867093995 -0.1303472727769 0.621755415883175 0.220403221671431 -0.792227662396797 -0.100298594564195 -0.0582100433039515 0.229745058487845 0.124113060699216
-405.866820237116 -268.85987175818 1454.30900592149 0.324361563056787 0.401385847762283 -0.856550627587192 0.943712200666071 -0.0752978563421263 0.322083087321748 0.245840773735063 -0.0897735662718948 -0.0380435890429498 0.0804433306628701 0.0627724182195564 0.315316082003579
-405.350034284586 -269.016066057364 1454.30400074055 0.0423714115587258 0.98389435610533 -0.173656441035834 0.966484032194149 0.00368572436198103 0.256700274548027 0.128498082707012 -0.230022439195153 -0.0244899035175141 0.246216689946863 -0.0428168438178006 -0.485578231279502
-405.37248008354 -268.475020785432 1455.44952513422 -0.69109936697408 0.294780175126544 0.659913868129701 0.674245145932688 -0.0659305341170399 0.735558731769782 0.274764415154148 0.618215033087778 0.216460969547247 -0.126453211130522 -0.120008396450315 0.174810731717777
-405.166516810574 -268.19999739956 1455.81114734468 -0.606945659023733 -0.5289665747542 0.593136855910844 0.611064490008656 0.166585523784783 0.773853637557741 -0.0104372345116697 -0.171735243276825 -0.519005002507363 0.278684827374332 -0.116848878973875 0.405470423073582
-405.1297808845 -268.032811216012 1456.25221931078 0.0204572472381617 -0.989804684261052 0.140954559868035 0.462373414927381 0.134367751809067 0.876445167924415 -0.164207154707686 -0.135110095827327 -0.195057392138432 0.325870693002857 0.288722352741101 0.00858820133942553
-405.099894553252 -267.997191427623 1456.76277395825 0.43293475418184 -0.870789700669625 -0.233008145434659 0.588006643542593 0.0768863627206911 0.805193563302084 -0.132217305185236 0.0247876184577329 -0.186029264391131 0.249693046777344 -0.245912053951849 -0.286121043092262
-404.754644172297 -268.130065005293 1457.26945484805 0.368158130393662 -0.699152340900809 -0.612899335347579 0.637326512883682 -0.290194268352653 0.713864274644953 -0.203946975470369 -0.263614433965865 0.0311078708614205 -0.0734418572032282 0.658743601341555 -0.06014585768082
-403.620456337255 -268.139736856492 1457.24293355297 0.599827631997978 0.58084653840755 -0.550294567239682 0.510544580602861 0.251709579542234 0.822183993277412 0.0847370948305495 -0.546101488737816 0.17153976682911 0.176429707916305 -0.750474419387707 -0.278113529036528
-403.222735818445 -268.175147226876 1457.27069954192 0.00799820925522365 0.987673345344187 0.156324635312792 0.675518801359024 -0.120602112524615 0.727412867288183 -0.136007396826703 0.155112835948072 0.0217213170006314 0.226405679458439 -0.212810062595457 0.06966891895602
