t = 2987680000
b = 25 25 25
E = -1.15803317003312 -1.287598571935 0.129565401901882
1057.4372168116 -1475.91229925661 -326.205188980342 -0.0586820709770108 -0.965645570627242 -0.253150244757267 0.961466594456157 -0.122898349911306 0.245922718164025 0.287207488633794 -0.333059817120591 -0.381675315793917 -0.0140530408514913 0.462916627202605 -0.513049142589552
1057.81759543714 -1476.19649721479 -325.932146479627 -0.00354169194329844 -0.647548562703401 -0.762015954790075 0.964289666157088 -0.204015838722044 0.168887469326843 -0.106536794749375 -0.56790860088509 -0.119010626424109 0.259565102163616 -0.095335040712649 0.38674793447983
1058.10639117757 -1476.67611093821 -325.754203726402 0.180309878175798 -0.0202184492550163 -0.983402034835444 0.941422454500984 -0.286117454849657 0.178495277725989 -0.417444187196421 0.325676034285214 -0.199615502722375 -0.207438007586258 0.351131726962667 0.750208265173088
1058.51091408638 -1477.03529910969 -325.911813574528 0.221519856317395 0.658925724714887 -0.71885036172309 0.952835117460388 -0.303076207606123 0.0158130108507859 -0.256692933070641 -0.355219831602172 -0.244399830659172 0.195829888540063 0.321071187757391 0.25862205231552
1058.91275275989 -1477.26334924956 -326.25237906757 0.210730146717027 0.945224462596251 -0.249286021684154 0.960784320573466 -0.247288618460429 -0.125466443875209 -0.203462390496054 0.0198322387132935 0.508882319554277 -0.257966272989868 0.427052765350456 0.0748395354748213
1059.24896610696 -1477.40563779134 -326.560826194904 0.282584509088237 0.918981244363058 0.274989941017973 0.957753670791053 -0.25433836761497 -0.134238224071066 -0.415857705160467 -0.637715493213901 -0.178255609836945 0.263692156113815 0.047838580047088 0.286163848448952
1059.65850651775 -1477.31848839055 -326.889993798633 0.237873260383016 0.564252500848613 0.790591820896712 0.961142673495509 -0.254126906598965 -0.107815938139293 -0.0353689919496001 -0.0771853593863895 -0.494401641540085 0.502666296420046 0.179487450966564 0.268351022970742
1060.15740653973 -1477.11944277992 -326.997015871635 0.0930781347211686 0.168014690772911 0.981380417843879 0.995385750359335 -0.038784908287017 -0.0877663880723918 0.453433152422205 0.584884755382165 -0.27701238457182 0.0450143833249532 0.279919601527539 -0.284805332422922
1060.51914982677 -1476.84577644048 -327.082017997529 0.112438215161348 -0.394196076378929 0.912122306015476 0.980995181048256 -0.102046550660733 -0.165030167692902 -0.00562287694118122 -0.550929977324822 -0.0793063416176788 -0.515212831163406 -0.163869191583854 -0.0536504680984033
1061.00858265111 -1476.61325316423 -326.895379948931 0.0107638208669989 -0.831925769130956 0.554782529245471 0.931028392386939 -0.194063404214193 -0.309072042856426 0.252838036779435 0.280731454606754 0.0337239401151452 -0.194240907199599 0.155692212448252 0.487118812322409
1061.56582986853 -1476.64627291817 -326.721705847751 -0.311330482904536 -0.948322731368244 -0.061297043326531 0.914619621069491 -0.281507178334315 -0.290214846735134 -0.673897614229286 1.05319328300891 -0.0461690621665972 0.35261348256755 0.17605876735335 -0.240647360647098
1062.02418784101 -1476.90764572805 -326.568257359606 -0.40722249902308 -0.800760344211264 -0.439263824349465 0.912689618922097 -0.374774807364981 -0.162915632303474 0.175692950253953 -0.432551967538836 0.200288880031264 0.241775339574572 -0.14993874320156 0.429631968912297
1062.32810222804 -1477.36791394637 -326.503730177451 -0.246119311518774 -0.138890421584784 -0.959236537714466 0.901320317586251 -0.396750327015447 -0.173812724269064 -0.0740652606710034 0.187535528386919 -0.122645423068057 -0.112498331994115 0.223619447605041 0.145277589947624
1062.63871145108 -1477.7182291751 -326.643633091916 -0.347610822668825 0.12368920779032 -0.92944483206328 0.7156260787445 -0.605492689090995 -0.348221077602632 -0.0421325449341207 -0.309007755709562 0.0978154304409066 0.26439425617879 -0.238557269799459 -0.270418333452946
1062.80296830151 -1478.15913671294 -326.932008385724 0.0938471765467841 0.806631933275453 -0.583556022722938 0.800005252578313 -0.409991413355588 -0.438062366344365 -0.0686781694120439 0.155145168034279 -0.127559631189977 -0.0693671669343097 0.443167128512723 0.434150946039445
1062.87443228232 -1478.45565365372 -327.398407942609 0.537446859309871 0.826725466492774 -0.166360681766503 0.703955233703785 -0.548445583968332 -0.451280921756636 -0.445149253915447 0.0671259060334157 0.480646452413975 -0.385453609178413 -0.227032917003965 0.283165560024189
1063.13852902381 -1478.5611730034 -327.852895103824 0.660178072069594 0.657616524427067 0.362912413542686 0.67485443782491 -0.307202561580612 -0.670968012549679 -0.259171083698922 0.591187935149349 0.0571906471982607 0.246498996529337 0.113052286620615 -0.0604805033674067
1063.44826442458 -1478.41014199712 -328.216568492553 0.604263800763539 0.0501099139305535 0.795207052067805 0.773144083782991 -0.278178755934264 -0.569969126799722 0.151695633672189 -0.141098278537196 -0.0565379474760111 0.0258973703023068 0.425678710562921 -0.339607786230507
1063.90999361142 -1478.32883045571 -328.393459637222 0.304408928775245 -0.600859120213493 0.739123482075482 0.866650482504959 -0.147299341747463 -0.476675828109773 0.0517890607578405 -0.104166062335428 -0.294846856032555 -0.221186272032174 0.206912346140968 0.19085407583352
1064.53063553523 -1478.32934793867 -328.332920215294 -0.0500924569785324 -0.990222152283265 0.130195371840642 0.858414259763161 -0.109319374102493 -0.501172857470802 -0.424871966663641 0.083849043837612 -0.0784358046025733 -0.347734866626174 0.0536708796358945 0.232651705249961
1064.98916887158 -1478.42406367772 -328.229911166842 -0.326851228680445 -0.793583888840366 -0.513218165800387 0.891741137329566 -0.0791210649828681 -0.445575584032999 -0.714091217648952 -0.256471055448832 -0.0686719254133314 0.212057140916083 -0.336218995888946 0.00805715243018719
1065.45904439225 -1478.72484779915 -328.224401771622 -0.497784875264161 -0.0999197364094324 -0.861525544739207 0.86675017611985 -0.0926943148954378 -0.490052952430946 0.0834242051165529 0.0378781925041452 0.161892482541218 -0.227816104627296 -0.147472025030971 0.0739917737730067
1065.75641398547 -1479.0404052688 -328.487593123256 -0.281851685336179 0.684248616179173 -0.672579704394594 0.811413266362007 -0.204104365191695 -0.547676838385414 0.0905751883801504 -0.327052225071101 -0.931366938992595 0.416606589677486 -0.126560286887239 0.376534632698377
1065.91107289299 -1479.19077456943 -328.920353514205 0.274048415253763 0.950692817473526 0.145191711078881 0.872999663120853 -0.182583087184171 -0.452255463752341 -0.0972845765455885 0.207361591974347 -0.0325259872145335 0.156548481973671 -0.248428453024243 0.418765639896861
1065.42877694073 -1479.42066840491 -329.633107285442 -0.184548029141318 0.967386014001008 -0.173511742750093 0.902550588773095 0.0969316133024779 -0.419531520933616 0.0264043230878505 -0.228568562698957 0.120375636567036 -0.187189226110096 -0.162554621309756 0.319081986255647
1065.58497976707 -1479.15990537661 -330.101918585542 0.273747292287178 0.693730090643195 0.666183894539871 0.922296365749654 0.00713391838469326 -0.386417547423154 -0.245440577754441 -0.43908889000446 0.130602675083119 0.0492627488194537 -0.224361177869404 0.403135717934039
1065.91234077079 -1478.89224051226 -330.458332231432 0.595380892800984 0.0618514233456087 0.80105929488768 0.787084332445009 0.155272443539254 -0.59698301642924 -0.418794564549461 -0.572219312873111 -0.126077770550795 0.0254364995892337 0.286907659467348 -0.192230132367771
1066.35382489746 -1478.55452030575 -330.578030486647 0.525173475149934 -0.756951727799956 0.38886617571184 0.741563876914376 0.182903142319888 -0.645468401142668 -0.226037220035557 -0.330650982069744 -0.218990973556828 -0.132618205345142 0.615451553731357 0.33932856138779
1066.80897375614 -1478.39843989546 -330.5553495384 0.180163446155481 -0.982013636338925 -0.0564831900362248 0.850606876142446 0.184377736106805 -0.492415264499373 0.0731718661792426 0.464501105446795 -0.260297627802506 -0.00666342873711292 0.0771506658266846 0.334395189477029
1067.31946691678 -1478.29800718226 -330.602670222687 -0.131576954056776 -0.897609640437476 -0.420695184921969 0.948452638092119 0.0094390700138832 -0.316778309351182 -0.104965681911424 0.150064402084706 -0.337561545351464 -0.302207252821294 -0.0734077994515064 0.188855028915713
1067.83150864797 -1478.53644607697 -330.614192738317 -0.487497037652416 -0.502385001970743 -0.714111999656616 0.844632118059179 -0.0641126250200389 -0.531494267553253 0.197992028724373 0.113161967812821 -0.0993299431957908 -0.5034562611377 -0.0930677700743422 -0.0902214231328385
1068.17850027722 -1478.86581691371 -330.731044760151 -0.460194963340261 0.225710811483934 -0.858647322984366 0.86610193737204 -0.0984649287889318 -0.490073557596672 -0.131655409539966 -0.331217408094156 0.480951735386151 -0.125514778683976 -0.552454055829692 -0.11852020335467
1068.46339362962 -1479.12172401405 -331.029505123467 -0.407605622272411 0.689672937769516 -0.598505551917295 0.812501434984717 -0.0252255193309919 -0.582413162091383 0.106914459003423 0.00834422835321146 -0.115013989268937 0.142846871067808 -0.0863393860050938 0.139742693564768
1068.75037684135 -1479.24581974596 -331.484457985901 -0.291317342904165 0.954818511873158 -0.0587861809807369 0.770578789868101 0.197803031483786 -0.605873162734495 0.114423381309016 -0.239965424375572 -0.0495835888006432 0.139830105260756 0.221575377343871 -0.372713199844164
1069.06453636457 -1479.09956376938 -331.85887122028 -0.164035311333994 0.912315126507906 0.375197983223424 0.721037671921606 0.370455684244676 -0.585548684314048 0.584135310600254 0.28038096272333 -0.415074581019863 -0.0169495759252844 -0.0992762164745045 0.532313736795243
1069.21462828801 -1478.78689398345 -332.301184723041 0.0421009181738896 0.678581983106647 0.733317124373897 0.690363216862337 0.510811159172145 -0.512318834784049 0.199797935745655 0.500345594051793 -0.18105936447246 0.186504561723876 -0.216544053206549 -0.25581884016705
1069.34833703689 -1478.26733316428 -332.530579955041 0.473931389572191 0.0763394137391847 0.87724644873124 0.73638610186492 0.511895910377582 -0.442377763710827 -0.198160359538019 0.145807335711966 0.0753467053313848 0.0619491510436593 -0.501161418637917 -0.222333963554211
1069.55804023279 -1477.75986101253 -332.620550156922 0.559474618213118 -0.405543295037753 0.722857376937507 0.736686767690298 0.642980660401864 -0.209448028423198 0.461110173223923 -0.0153480892391063 0.346935545226993 -0.215802832003286 -0.271035423874142 0.405500982795011
1069.83204670937 -1477.32419353579 -332.439484611006 0.687627538051047 -0.725317757562573 0.0329016626920612 0.72038049528048 0.675885782739365 -0.155661011954201 -0.436317998780673 0.0728711959230306 0.213450295124216 -0.247303092412414 -0.042308180085244 -0.258763778053325
1070.28609737698 -1477.09711498229 -332.205849692645 0.448025886642826 -0.753354559480811 -0.481383124481926 0.827009909897526 0.553767751365591 -0.0969323806457447 -0.30613138111817 0.35507430399275 -0.163660654334252 0.0461728249413334 -0.214697320521095 -0.0489874762810616
1070.82618519871 -1477.16126401092 -332.015057246133 0.168965610905173 -0.250863648511817 -0.953162133167295 0.777271386886542 0.628557829114605 -0.0276450088424335 -0.103414280592509 -0.198578630882334 0.303624483531233 0.135320639318515 -0.174366794252967 -0.205760994163387
1071.34993208866 -1477.06078927733 -332.180113525423 -0.297888178822483 0.0466999758427703 -0.953457783649545 0.714271728521068 0.673536418902047 -0.190169898461675 0.122399149885604 -0.327906082696809 0.11988710554176 0.174488543010114 -0.0107383953753605 0.187452608445182
1071.76238367867 -1476.9643212381 -332.434960356141 -0.695497250541637 0.471575413887564 -0.542125634355902 0.622921124163489 0.771772637614643 -0.127813413982713 -0.187186669427984 -0.0229711233190138 0.43524588138136 0.121227517690116 0.334701259440393 -0.1044148202935
1070.95956898573 -1476.48616269931 -333.162773829885 0.764593295812972 -0.461627859267772 0.449774178340029 -0.528420042005945 -0.848541360075908 0.0273828301472484 -0.0271467160423692 -0.229818203692718 0.0948928176766408 0.0348521358317327 0.249248292256889 0.367744367853333
1070.90547311622 -1476.91408919511 -333.303883840279 0.407958879468622 -0.112003919634457 0.906104119113591 -0.358735854522791 -0.932291419669933 0.0462741346275783 0.212254113031323 -0.435619963796113 0.262003519794979 0.208749451690644 0.181458731850343 0.21429642312685
1070.92851449063 -1477.50426889864 -333.16076270784 -0.0607944720861108 0.339577863717531 0.938611158379303 -0.538640637754376 -0.802839142256577 0.25556911984155 0.0792814641054202 -0.465333904972534 -0.0657101804163563 -0.0721026435285863 0.0776149343563599 -0.062839716661072
1070.85449478831 -1477.97069651748 -332.813052129447 -0.414211169140051 0.775776147340503 0.476025710001837 -0.650662279937099 -0.618093788516476 0.441133388067962 -0.213733398162708 0.00135911206073335 0.385531589388658 -0.185547593292753 0.254527907141647 0.499558895148573
1070.66013240835 -1478.20917307017 -332.327900458597 -0.650992607086723 0.758339085635436 -0.0336222665189383 -0.668587637215118 -0.551846081665063 0.498454083729018 0.191686831290778 0.311723952044688 0.349951702395907 0.335564623371986 0.277864412892567 0.190166438495974
1070.41869882124 -1478.21600400366 -331.849220224052 -0.758987168135856 0.376202369652552 -0.531422859650476 -0.649598856823001 -0.382026765534816 0.657325547740811 0.414911111064748 0.781009229255975 -0.605373511470691 0.264617652161183 -0.272939547415929 0.30661449369625
1069.96299094761 -1478.06191555265 -331.597569510342 -0.513831829667069 -0.36236454526887 -0.777604518534216 -0.71643092619833 -0.317357302406209 0.621297892058612 0.266381418285628 0.389958769528531 0.253910355049492 0.829994903493036 0.467362235403593 -0.173285879003709
1069.41566080393 -1478.0685326097 -331.34519504851 -0.209996685624005 -0.505772582983315 -0.836717088584972 -0.88010823115527 -0.274926374909319 0.387072331521606 -0.513098429369445 0.534815648368969 0.454875673298531 0.0458012404989751 -0.0859543786384971 -0.0671592358134015
1068.88425618042 -1478.04608923338 -331.382409634111 0.0811502657306904 -0.89168937950108 -0.44531414173125 -0.936622811707617 -0.220998250458828 0.27184091278943 0.279434710945609 0.363540028752388 0.170115351516079 0.0971124039081947 -0.237292390389237 0.0539457340238085
1068.32520942431 -1478.14176874642 -331.622315724904 0.402467007208723 -0.891620484670225 0.207444497175339 -0.893734741248545 -0.333658035520167 0.29985084226635 0.690765172583082 0.109088398184405 0.35205767605943 -0.100492811051504 0.0284576242451823 -0.227140355848248
1067.85270859573 -1478.41094029025 -331.737650493874 0.609549778774482 -0.555383390233238 0.565683972838503 -0.787025243973175 -0.338371186802019 0.515845136996813 0.257149806970052 -0.156790625124675 -0.291809719069203 -0.377404216510246 -0.185199463790904 0.2724815404559
1067.51896359353 -1478.73382499362 -331.713665989564 0.618911003762206 -0.0807425077943291 0.781300081149685 -0.730413343602994 -0.42498508419454 0.534681237408544 -0.970725949438978 -0.0756095619296094 -0.0803074303525769 0.27652670684615 -0.174560043804704 1.0730803526361
1067.31023408386 -1479.19739635834 -331.467198676301 0.423533344915224 0.553406349503356 0.717189597015815 -0.807356227636103 -0.128466738976863 0.57590990499266 0.298527362762784 -0.160018301077397 0.529673695157509 0.422869541198678 0.62887323790485 0.194171586596253
1067.11344078979 -1479.44963370837 -331.059134688411 0.153709235807435 0.92483991125305 0.347914658198179 -0.86371529837918 -0.0452749300959956 0.501942291556394 -0.306162528700472 -0.0220962138106516 0.0808651994739782 -0.00202633041812171 -0.069923717563888 -0.218554144585427
1066.9087934755 -1479.54098369943 -330.603497089431 -0.11286747838658 0.992316635123832 -0.0506816336166056 -0.707051359910126 -0.044374545836484 0.705768569812034 -0.3771263813726 0.0181542235732934 0.00979242164587235 0.21166597179273 -0.236405180920173 -0.264864955571446
1066.7647569873 -1479.39745646516 -330.129474381887 -0.591760025091936 0.527984374239454 -0.609140848475659 -0.713857429801453 0.007797870049761 0.700247644162616 -0.0439019842440627 0.535831637085759 -0.482326375309635 0.00333645071069108 -0.109105409232457 0.446135574823623
1066.54864621123 -1479.06554711335 -329.816194281602 -0.793460538406645 -0.319473875723568 -0.518031675417571 -0.554449824159923 0.0283909026597158 0.831732739015389 -0.270279752621034 0.141811953340026 -0.228525060997141 0.284100824972133 -0.0914873321547367 0.518493452330746
1066.17493997263 -1478.85363736847 -329.631869983126 -0.191800189637314 -0.981375846089068 -0.0106834425097999 -0.479803280421075 0.0842656712385388 0.873320163934042 0.0192996959091797 -0.607687168216526 0.250807640127523 0.286334961524883 0.0078368829012892 0.0560053424498733
1065.64564053748 -1478.84859224364 -329.492189325732 0.347833000279534 -0.803335974719674 0.483387541903594 -0.700029992547144 0.120441442294795 0.703883419701438 0.165504834252363 -0.0262178837749525 0.254212575579712 -0.198157156133029 -0.172099426711197 0.174629637367926
1065.25333780847 -1478.9581788978 -329.358145196147 0.550578188097609 -0.418065016550182 0.722554704315991 -0.80983448694561 -0.0574614894394301 0.583837546739653 0.108341284166564 -0.055692104538929 -0.197754808793204 0.253204131662296 -0.509822752202209 -0.180440993252066
1065.01200858021 -1479.24296914304 -329.131214554226 0.380337465316095 0.379768626015576 0.84327884070521 -0.860231979143437 -0.189567707406973 0.473355074312897 0.80130946112039 0.190935571016179 -0.239244986248385 0.361709975154357 -0.271513651199561 0.154624286114452
1064.68880139349 -1479.46534328759 -328.74295458911 0.31198179987069 0.799724610570821 0.512940448594955 -0.868752494597821 0.0215622810872737 0.494776890293834 0.710285229650153 -0.219437068055769 -0.0460404370851123 -0.0338744277724088 -0.457085887195555 -0.0920733857073652
1064.41536273916 -1479.47054722429 -328.237475138055 0.117442314896999 0.982303064699936 -0.145904049482069 -0.795350163469054 0.18101532654396 0.578490768274064 0.00770869843902011 0.391173375876541 -0.580089452238325 -0.199811738616369 0.0870419731702621 0.0405571313787086
1064.17956429516 -1479.25644763799 -327.8505443775 -0.34736683483258 0.624236468799884 -0.699760754189847 -0.676843127084897 0.349569077249091 0.647830874200705 0.553608448385385 0.154852356449372 -0.3848070128758 0.137999572764798 0.0188002735196607 -0.640312585235186
1063.97469333928 -1478.90959455498 -327.579466154448 -0.652266128498899 -0.169871169677659 -0.738710148360704 -0.751757409459842 0.269695341517581 0.601768410647545 -0.18510673800531 0.0850870865306123 -0.0393211343824868 -0.352224387017212 0.312566067385048 0.112448075884383
1064.04254929748 -1478.096355827 -327.678286855416 -0.585484587425728 0.265403888118724 -0.766008207574182 -0.515728694840759 0.607095290574875 0.604532233627517 0.567138700760264 0.226914885611765 -0.210070971985506 0.330380376392367 -0.461274893341637 -0.224530282501789
1063.79109290204 -1477.60032115108 -327.532304745434 -0.645586427916769 -0.548669288773023 -0.531206339979704 -0.761896745635629 0.510335572973439 0.398836999205415 -0.314411030564046 -0.431962240753311 0.0446429658000246 0.133556508550223 0.123502728717024 -0.477428529317421
1063.36149875698 -1477.39083997687 -327.631916187458 -0.343787435369808 -0.931067988051458 0.122158097829043 -0.900539806506193 0.363758835037126 0.238133506259384 0.107107167731192 0.382730597028643 0.0464780336330774 -0.0343826326688221 0.0417584788303667 1.16071984526056
1062.92733509955 -1477.31949838809 -327.785434897729 -0.142171198303184 -0.627640253515193 0.765411694805958 -0.914856671236257 0.37855185891684 0.140484024744771 -0.100732663032415 -0.00611371305641331 -0.218306034635075 0.620948043974676 -0.072428951716191 0.125708379149923
1062.35192325618 -1477.3776453917 -327.73437921483 0.200533308628897 -0.431586241757081 0.87949969190771 -0.960280523291463 0.0912074611148053 0.263709149694733 0.319002238101155 -0.477036175170917 -0.238996943079003 -0.412872923419178 -0.358124239959742 0.204983202856743
1061.95326125987 -1477.66875236567 -327.53883439724 0.288921675740256 0.429053108109927 0.855825739107926 -0.946408130837627 -0.00678226606472344 0.322901921270855 0.261124124146772 -0.441351823197402 -0.118878143883721 -0.307282877003988 -0.138127258635769 -0.0713358671093859
1061.54385874883 -1477.82080326516 -327.167441649527 0.448729059404354 0.760745251279648 0.468944446508382 -0.834747164750227 0.169419407546414 0.523921974433347 -0.0651072974090366 0.315848842445779 0.0741425510014887 0.231424486512783 0.145281423881067 -0.744672400202347
1061.13707911664 -1477.79927039803 -326.690254424697 0.465855847269719 0.884191535691407 -0.0344043278949468 -0.778125300954022 0.427865093932953 0.459839621399847 0.277360999567003 -0.209494260269245 -0.000412408942486215 0.45977833104319 0.145663085635884 0.180415327090845
1061.04372247222 -1477.57493501978 -326.181363034459 -0.0856632194322971 0.718182069543688 -0.690562327247679 -0.91707037009685 0.214066116917536 0.336389110804416 0.196202106114283 -0.356429635810553 -0.539981119791334 0.00169260816003967 -0.102910136553863 -0.0604110812736644
1060.60219351021 -1477.30831688756 -325.965003123105 -0.0192625764327315 0.409070583747992 -0.91229940844698 -0.926990563855021 0.334557646514134 0.169586779201176 -0.00992149120409656 0.136043158362903 -0.238048937696348 -0.348727152479633 0.184435593541949 -0.0622697979047245
1060.25942701677 -1476.92021710299 -325.829845632723 -0.0758403749220091 -0.0915619509229627 -0.992907169225162 -0.898640683359619 0.43777358185818 0.0282703600094395 0.129328575954841 0.132007008647722 -0.0591540029087278 0.317404049941225 -0.149927522596275 -0.131258390853514
1059.89930188528 -1476.54040581306 -325.986001772151 -0.187071749839638 -0.625803101568669 -0.757215054295173 -0.934145612494472 0.351816333304307 -0.0599770144252906 0.00513781516927748 -0.0154632750423 0.322319495781124 -0.570469893723794 0.149060340794968 0.0770887946630222
1059.52455323744 -1476.30430980724 -326.24835996626 -0.263596128479076 -0.930429939811606 -0.254592238992574 -0.944762568812603 0.302305889035383 -0.126628740904751 -0.0720483568738469 0.351443518488927 -0.0189758420831093 0.643200529837811 0.422272568662094 -0.632609918407245
1059.15243046145 -1476.19481705358 -326.545517648928 -0.203020237179884 -0.90685769972993 0.369312734371696 -0.978930441328411 0.179558077539598 -0.0972321338424147 -0.265848598499075 0.55987225042801 -0.0352410818112126 -0.111550395383539 -0.343163845596423 0.141137955398266
1058.64609451531 -1476.26617156502 -326.778730015778 0.00891398035401304 -0.60223476441266 0.798269271318128 -0.999924293196348 0.00140334235939311 0.0122245054531054 -0.0835821305042995 0.127038708808676 0.254895225668945 -0.252715601281785 0.186985151468142 -0.040803440000298
1058.27128193433 -1476.57817755798 -326.956742056463 -0.0422619868689003 -0.129116227610392 0.990728481591342 -0.995244445690219 -0.0816648201869409 -0.053097556175513 -0.169769609745801 0.143551791152165 -0.165097520944644 0.229215678036387 -0.0171453397455971 0.338289795522239
1057.82641803197 -1476.90562268142 -326.881726511589 -0.0540003319673733 0.608383891277184 0.791803640422129 -0.991273165699678 -0.128158984616333 0.0308672257829586 -0.218638870759973 -0.0028745923077669 0.534879063413651 0.598656126533869 0.0688062867042946 -0.538048546666715
1057.3475257292 -1477.04593433766 -326.64158798746 0.10522459909228 0.906693690624434 0.408453589963265 -0.956097776643673 -0.0207255339231545 0.292314032773092 -0.503687334350474 -0.30615272896132 0.102715056649833 0.161712010285556 0.0511099276333111 0.199494713035642
650.168249521039 -2076.74532592058 431.895882503554 -0.739950768111609 0.556938102951343 0.37721719236254 -0.505456263330483 -0.830376885905229 0.23449561439043 0.050941141666649 0.245192935112107 0.0552704329631767 0.219086764455434 -0.322026558691145 -0.353030612578962
649.952722071432 -2077.13853925463 432.236770037397 -0.733896036161369 0.537850807621017 -0.414865179101287 -0.621334316984088 -0.778354487935633 0.0900441981837145 0.0529970696240499 -0.839011677849444 0.849087060849732 0.0507910703190268 0.253796878697019 0.154776666119139
649.621409632731 -2077.42040352207 432.460570583906 -0.188714587483567 0.171954609758862 -0.966860081188866 -0.59482708244048 -0.803407320387276 -0.0267846871321743 -0.260207061657547 0.0377978600588538 0.182199688252337 -0.571529473217505 0.154614471677751 0.0829819976791344
649.156166605922 -2077.47232867578 432.237912686864 0.500181526333712 -0.572012097749838 -0.650092763177408 -0.685488609749304 -0.7202743840821 0.106349318442193 -0.160033383438238 -0.0111089056894997 -0.553567405742978 0.468899714202719 0.219117455329624 -0.181245756648228
648.856894463303 -2077.77609343017 431.968528327528 0.792409530301416 -0.593181028164446 0.142209015717097 -0.602320258470888 -0.797738555421727 0.0286967502533917 -0.0228453307921649 0.0240079342307159 0.296392545634094 -0.148441863519565 -0.393502470659998 0.0913619924585301
648.712753109529 -2078.23573591195 431.737359656243 0.770355630186019 -0.379567097442647 0.512329016954849 -0.403686633678953 -0.912299648071081 -0.0688945133896368 0.413178662566714 0.236950598983869 0.145335670783143 -0.0830353223361946 -0.0242767753701872 0.122284907642572
648.736168595348 -2078.65365970225 431.464944705761 0.294980996853215 -0.194711798021137 0.935453647844144 -0.213988019647367 -0.967611768863719 -0.133927563628143 0.079151215830645 0.256362528489188 -0.0322440821838482 -0.526966040304605 -0.354275980164867 0.172979572388509
648.949167450318 -2079.09256955616 431.487824476739 -0.274261757249791 -0.0715639793338841 0.958988574156165 -0.167499169055263 -0.978428787631382 -0.120917889019537 -0.0951715416919222 0.246286666975831 0.201041874239193 0.0352861511523448 0.0277400799742718 -0.0312446605166187
649.086642831289 -2079.87973693312 431.592666600276 -0.572493724042377 -0.723632286753274 0.385496108260982 0.565222614855612 -0.688912752909022 -0.453786970416235 -0.337918153501581 0.252193272105015 0.16192802222309 -0.538550167099564 -0.157029012185151 0.168869390538105
649.379820838275 -2080.19544156978 431.651354937711 -0.768940216976197 -0.524036771021884 -0.366219067426305 0.639064494020302 -0.613815323852086 -0.463494682494127 0.0378331339104029 0.298757094011091 0.227482557667792 -0.350033965591601 -0.166545643242834 -0.294710190728249
650.430222272515 -2080.83580939865 431.696796918074 0.97060782331708 -0.154743150229076 0.184323115106143 -0.207470693878741 -0.149850197915436 0.966695830836893 0.454496339183506 -0.0396628846425825 -0.111314290261525 0.143679574234395 0.237568016555446 0.103247009704992
650.217440544545 -2081.14382536729 432.076898983133 0.774921489459818 0.626668873888015 0.082357802728273 -0.173414535699239 0.0854979105463935 0.981130728340644 0.275106041282753 -0.484248352253249 0.13261011733841 -0.256654236529079 0.352426809094297 -0.275579837458967
650.389430095879 -2081.23818782527 432.465435280223 0.0330789103621705 0.999386173505385 0.0115352480367821 -0.15375473756815 -0.00631568762287836 0.988088858752313 -0.397831278326779 0.000621223651003006 0.370629866505193 -0.277019566020294 0.0138407358846119 0.152343950484984
650.574394375269 -2081.09194083644 432.889886131801 -0.816384206418026 0.571990162420022 -0.0796497431774851 -0.197568876568385 -0.14702261061984 0.969201161246499 0.271550639853729 -0.16438216453152 -0.0158450372669067 0.106156730674985 -0.288837440745497 -0.151485521731332
650.504484869293 -2080.9512778403 433.334708382596 -0.929499556561139 -0.18567253672093 -0.318678966112619 -0.276055025125229 -0.222768777308932 0.934969355075241 0.762116778086493 -0.663361366699484 0.163850028524395 -0.590515515189337 -0.245337759256057 0.336871199028402
650.2935687183 -2080.93424809144 433.786903893634 -0.388895394641308 -0.66653528454407 -0.635996137131094 -0.305850502249459 -0.557778677065003 0.771581763426725 -0.0167975465141125 0.228907836794994 0.298687905995996 -0.207134203396381 -0.371808147732092 -0.147489801008123
651.053264301801 -2080.56854336621 434.524752065114 0.488806928772323 -0.177853869015351 -0.854070130411424 0.397451177125564 0.916895717493627 0.0365349838112499 -0.376603776040128 -0.464775091865911 -0.302911179183782 -0.104283020484584 -0.129064747000509 -0.321418034467997
651.444647205306 -2080.38094710966 434.616076377639 -0.198943799524385 0.278338805758431 -0.939653592452487 0.408726662543067 0.895014833447931 0.178580410932567 -0.205621282713073 -0.0987343389943841 -0.164490070578165 -0.408418577747648 0.099232078013158 0.0859227153770488
651.852754824203 -2080.08412432087 434.404632487274 -0.78626026921094 0.539806712866242 -0.300671750890744 0.501145108275235 0.841758606547343 0.200738707601378 0.0632672526785601 0.190651310623198 -0.115529859476354 -0.54898035090347 0.323704525425308 -0.250777392126403
651.989761154994 -2079.71126396538 434.163197062756 -0.742963318830515 0.328194243780887 0.583347276704479 0.43929051701352 0.896658294758428 0.0550249409925748 -0.133601560720466 -0.0314075225079662 -0.38555705324446 -0.0288184967832154 -0.0307428716207878 0.308713097218149
652.038452113783 -2079.20722557544 434.012523864355 -0.357737723670651 -0.120905260849576 0.925962007306533 0.515788985942385 0.801017941455733 0.303861776901575 -0.0435398892726884 0.434413154070213 -0.0658878567788533 -0.157203502822834 -0.172493959338207 0.45203636498486
651.907805046194 -2078.83633394443 434.26182291717 0.691441686139741 -0.427991606050413 0.582006511777961 0.481722910193864 0.873518546667795 0.0700598766964984 -0.246723865127428 0.428294165967931 0.503721515062706 0.114398450999947 -0.4394642183658 -0.165139480242676
652.116756260789 -2078.4760118308 434.554444816328 0.807227722030126 -0.584206963433326 -0.0841761764343092 0.589876028250219 0.793475317723466 0.149810518590896 0.232126585943068 -0.199526500534475 -0.116476198551643 0.369576618156755 0.165490305112785 0.0748215219447725
652.400305847477 -2078.30090984985 434.820582217748 0.390042682037539 0.00558461936710883 -0.920779842386402 0.347704241314705 0.925053460949459 0.152898184589321 -0.181691070426304 0.296995903288108 0.303141934893874 -0.043790269224586 0.243493040322181 -0.202823411006994
651.884847412389 -2077.91949216968 435.566519626745 -0.448792179984619 0.844429585473405 0.292445301432427 0.638536022182029 0.0740753472045876 0.766018662496376 0.00351911240927221 -0.70025557670476 -0.410171588892008 0.0385070345092263 -0.12685287765715 0.173653960978179
652.242984967628 -2077.69238830712 435.890702685346 -0.884689208654498 0.243098364714406 0.397779070818667 0.39831725706452 -0.0491594298887255 0.915929425881717 -0.0708728270627994 0.0420335032545215 -0.343346401653783 -0.291286744230753 0.0613061761662046 0.391866305478827
652.419193295962 -2077.4058011983 436.301262025629 -0.809196498531951 -0.494942689255974 0.316595579776734 0.380562430038075 -0.0309952354104306 0.924235647572534 -0.148814778899967 -0.312277887194308 -0.224454061862477 -0.0113342832164429 -0.596328470952056 0.569658964181891
