t = 2234300000
b = 25 25 25
E = -1.16275165548474 -1.31488975805503 0.15213810257029
683.075131866709 181.589685554008 -496.512008358422 -0.664265362669798 0.233253637335019 -0.710171999291219 -0.431327328062834 -0.89554959378657 0.109305356890741 -0.442378924053603 0.463528302184551 -0.120965314272111 -0.0155359934766071 -0.096188200828215 -0.12749479824991
682.590295376719 181.422287126973 -496.283579711882 -0.132972582783601 -0.0877891197833793 -0.987224069123375 -0.397913822731042 -0.90753965411601 0.134299537751426 -0.0183396165560225 -0.407672026744715 0.257002607696784 -0.0248953224434072 0.19949001356151 -0.748005993417488
682.122567330727 181.227919063546 -496.280875707356 0.292653606272754 -0.353330928123982 -0.888544383788559 -0.651869592319934 -0.753557735201908 0.0849515998751242 -0.290434515857345 -0.407767530941023 0.00163251330718986 -0.354041712791367 -0.344445103094686 0.113556540815485
681.68552766357 180.941876101855 -496.413936929093 0.675187981411522 -0.286740228362942 -0.679633159260527 -0.537710683796522 -0.822046323612836 -0.187368786939065 -0.0253686212044979 0.167986240656921 -0.338179126254839 0.70561259323019 -0.448443754050717 0.707356066454645
681.394752429735 180.753130435347 -496.761960095554 0.753859323195837 -0.624625638049782 -0.203811023141571 -0.653943558493389 -0.683240063575866 -0.324870493986069 -0.164636396692604 0.251643861066244 0.0145613384533448 0.238623481380267 -0.343811298115594 0.102804012056252
681.193960031308 180.507468274521 -497.221404999855 0.678332966456596 -0.638784171884439 0.363069095809538 -0.557090254507413 -0.76932272844028 -0.312718703946829 -0.126566695058494 -0.500870076779712 0.0955181077272223 0.0824138238638547 0.403769577909456 0.412681641060978
681.109817274636 180.076474276274 -497.525195559725 0.493287675668424 -0.432510511557761 0.754719766818516 -0.433034443964546 -0.874577208464014 -0.218164792709253 0.716219636104455 0.392274694723527 0.611980748044647 -0.0477422157626138 -0.233462789811696 -0.375283898303711
681.178351457095 179.524953035323 -497.669667831016 -0.202144252317763 -0.0113855988034869 0.979289573818269 -0.54586630952806 -0.828896350126834 -0.122314401684317 -0.156224321907445 0.14462986298764 0.0432080478216703 -0.386297103457782 -0.0637392536259489 -0.0726177863906303
681.078735760502 179.013280403239 -497.685473548262 -0.51486351099224 0.351062221193732 0.782093908579911 -0.565522907250336 -0.824729936264215 -0.00209129138205383 -0.281824247644481 0.0729657346418287 -0.127095895978635 -0.0378019531561151 0.0459819215655802 -0.241647228188117
680.850985118821 178.616611642225 -497.415354682904 -0.609419876926469 0.674803455583426 0.416230356819575 -0.667717647378047 -0.719895853756762 0.189481141864366 0.104732660704599 -0.477561970169126 0.013933735018682 -0.637656123800434 -0.501538573205361 0.0928262179175545
680.545055137408 178.282141785022 -497.194715143045 -0.621880935628801 0.717227148642555 -0.31440311568393 -0.78083147686024 -0.598518450289379 0.17910295756395 -0.268367798096104 0.198020622480265 0.0454258453178008 0.237107398956613 0.278077060674804 0.392450556177539
680.034310934986 178.180033449093 -496.922934945082 -0.370023982601899 0.580060247860856 -0.725680619245706 -0.908965221164558 -0.387481525685415 0.153754004711658 0.0364827900663287 -0.076669614712048 -0.0466945624384628 -0.26998701957012 0.0782777783909075 -0.0650163428839855
679.486559982773 178.301630710001 -496.769113408194 -0.107820554668527 0.0258024412261693 -0.993835480348354 -0.862324574132897 -0.499904106752049 0.0805742692211679 -0.200512872288887 -0.322123850635385 -0.467131863017585 0.239799024344375 -0.525917938081145 0.461663175853596
678.946835974133 178.315950760845 -496.856368934521 0.21802253055541 -0.394185317381561 -0.892795671852487 -0.915934405899759 -0.398478720315512 -0.0477375479040779 -0.087260852539879 0.29092675708369 -0.0806700212621771 -0.264217725194483 0.390695477360183 -0.082380492591378
678.504171951274 178.30613715283 -497.085678408687 0.436019058639593 -0.819084394120291 -0.372811126145416 -0.889089433256052 -0.456190137768287 -0.0375571278505999 -0.0406841040450868 -0.213804025531076 -0.117492236020827 0.330380568679051 0.0465567173823649 0.0432870862286345
678.098437774143 178.002924417862 -497.393047761955 0.583218469251793 -0.763966911408838 0.276062991793222 -0.772294206174377 -0.626839273092675 -0.103122184100542 0.189964736994511 0.186115733212936 0.203522816345366 -0.0846425257592923 0.0791379121915683 -0.660454942173892
677.968071802712 177.580874884163 -497.67992549967 -0.0105761329002705 -0.329249982774135 0.944183559620732 -0.787209547659775 -0.579502375198843 -0.21089837650654 -0.0449590291126991 -0.468228588561154 0.264718993259463 -0.0292310889852122 -0.523496067542404 -0.304280772087822
677.911553091243 177.075211031482 -497.760738467669 -0.649061967231472 0.304109879288392 0.697306061947927 -0.688817255288909 -0.62397662901361 -0.369031103408543 -0.616385584729086 -0.62381736817447 0.0185500397735424 0.0094439857551673 -0.20637916914169 0.0208009038522808
677.617666029934 176.682129037108 -497.805007183632 -0.602513283527526 0.682556823268774 0.413635015603212 -0.797576972138454 -0.533854595384102 -0.280838466850026 0.47067308042195 0.63269918957399 0.265770509367896 -0.194429896383512 0.489436569005474 0.271773752940205
677.283741897119 176.39917344863 -497.604225158588 -0.523006795522579 0.828445015550206 -0.200356552198527 -0.762060922418759 -0.559796712931539 -0.325408651830358 0.325000126150336 -0.163406293484112 -0.141569614181732 -0.225645762695862 -0.354154577657943 -0.586610159808515
676.777102115999 176.266868183222 -497.43717319711 -0.107729246272349 0.602032519936316 -0.791170812416773 -0.76590336625779 -0.557642073130661 -0.320042734356381 -0.49292977462412 0.6027064974477 -0.627031408238463 0.51386978997745 -0.124929277513072 0.221836209138093
676.149740223238 176.377545551546 -497.541655635933 0.347825053748469 -0.0423452058538081 -0.936602698879793 -0.827608497786317 -0.483275107247239 -0.285498415324685 0.0580074965209581 -0.107264381714773 0.13813182684634 -0.350180598443177 0.0177804598162543 0.368719896949863
675.693286873589 176.307679368248 -497.815462297027 0.620463542512722 -0.519999817146236 -0.587047853705799 -0.777027250345292 -0.50888453375992 -0.3704931625245 -0.142706761736749 -0.461926457754833 0.243566407844595 -0.0721682380872103 0.40563733824153 0.60147885329104
675.471647276344 176.372908225637 -498.16808219145 0.210898800799834 -0.97658303926279 0.0425119185165931 -0.931355505541533 -0.213956728484024 -0.294617447915995 0.127882304626839 0.0447536495274594 0.115877146720014 -0.560528767906828 0.146977496468976 -0.342721925259745
675.224095970411 176.273330923865 -498.544457934439 -0.208775574587506 -0.719842774566694 0.661996328831168 -0.87941915157836 -0.157939056972945 -0.449084858497712 0.160044626220025 -0.0511615863277543 0.215914485248782 0.0548966881490869 -0.148847622095072 0.116792955993085
675.919343769186 176.73580174506 -499.359092330115 0.74179131290495 -0.481868235928231 0.466421109418309 -0.179758927224034 -0.812913028396425 -0.553948676645224 -0.351517008847575 -0.193581735850306 -0.300416077687071 -0.19397383270329 -0.0215335413482678 0.373715909355939
676.159115367801 176.412763848784 -499.673889343654 -0.0888176527432942 -0.631718553640901 0.770092912284362 -0.191109663559939 -0.7479759582079 -0.635617072175689 -0.148754745373697 0.285310307055176 -0.326784483563259 -0.0607392860329739 -0.132431549036111 -0.0825155132023441
676.422869845473 176.030414926401 -499.826541416351 -0.861663620871126 -0.307035472692248 0.404060667458665 -0.113271563107086 -0.659761686066922 -0.742889002880306 0.094067270260283 -0.320322730058123 0.0932825597855933 -0.0774052225073624 0.416694563673253 0.18350135933758
676.527303775592 175.532258804021 -499.852182748168 -0.979788066499201 0.138273119431794 -0.144554104614416 0.0231120201655187 -0.639543069450218 -0.768407767275708 -0.10064181598335 0.401052426401434 0.23935961830153 -0.247370513948187 -0.456699341675837 0.0566894580096248
676.44757910773 175.021842923287 -499.958945520461 -0.662135148037433 0.600312686651737 -0.44855515153612 -0.124298440589441 -0.67825282085927 -0.724239607211761 0.205427341894283 0.264513392721842 0.39887419721331 0.0935797996952952 0.307180690826565 0.241750469054233
676.208151923105 174.567170685017 -500.126572936834 -0.277198835389965 0.784111293692396 -0.555274963195726 -0.281625824514728 -0.618846527786949 -0.733291122272124 -0.60671954146422 0.218721755329917 -0.659367444848593 0.179137339494186 -0.509587567563738 -0.173594818497786
675.811289679419 174.263860526936 -500.342793139293 0.320838626662599 0.720308578208394 -0.614994412784629 -0.0444084204725761 -0.637166823154049 -0.769445470207794 0.180272720528681 -0.249221171316027 -0.151051162806334 0.223113605805317 -0.415293898533706 -0.247144849207516
675.639620617596 174.127828134764 -500.824211925481 0.857833746057166 0.42818181975068 -0.284221028960728 0.03384627612203 -0.598906205764762 -0.800103609690783 0.071795210260382 0.309069704152503 -0.382702841647199 -0.0774474465152955 -0.548221064156931 0.0747476308832026
675.635763896576 174.011805952781 -501.363405469473 0.9649062958484 0.113158837125191 0.236961848850251 0.259324995537263 -0.552579977428143 -0.792089587880695 0.236154231192612 0.280783330327259 -0.101900992658894 -0.317443792948559 -0.0962211804702611 0.233532624216149
675.700700542951 174.069057990908 -501.862759694059 0.807852882962129 -0.316339118172056 0.497295970014815 0.300445337317558 -0.50486466667438 -0.809224485305956 -0.311274376154388 -0.408579542828409 0.496135267362588 -0.420390498967924 -0.199332582366102 0.640607869045245
676.046148625025 174.073922171058 -502.322512598422 0.478733809402261 -0.644269494352835 0.596431687922671 0.401434971117339 -0.443535910553667 -0.801327560985683 0.814237921057579 0.0900701738567167 0.116247847885386 -0.0223366287603352 0.0963503840513707 0.00880666431379694
676.494692392221 174.049552864572 -502.607066811079 -0.165297243236847 -0.913724133159997 0.371194059543077 0.461847139441067 -0.404267646984682 -0.789471272040039 0.347393094434022 -0.0272300730338235 0.100757460143143 -0.245880303770854 -0.403638579648117 0.207229672871726
676.90630685667 173.869410636073 -502.811575123067 -0.538935368884557 -0.840962944214163 0.0482700172871135 0.589504099997128 -0.417478762638905 -0.691517460948047 0.0805735747339178 0.269320240720348 0.220254572355019 0.275996836025802 -0.253034344325753 0.0191684198160247
677.290105532833 173.451174202657 -502.935385408608 -0.827262718747866 -0.543286766026182 -0.14309396930405 0.454093141704796 -0.496618865674457 -0.739708808201418 0.0160656371640004 -0.184962355543342 -0.152204328698709 0.106313623813966 0.631266352649292 -0.610933065377614
677.455151277611 172.967620309694 -503.039486348177 -0.800817897221463 0.000516610572001369 -0.598907696243105 0.521880034682662 -0.489995753242239 -0.698244506760194 -0.283244050020847 0.850669122953649 0.265379056159257 -0.145593944038497 -0.0594413984826334 0.221304097520486
677.561589425728 172.450034345488 -503.436465969077 -0.689862030658339 0.466687183363495 -0.553437847934575 0.442470764672191 -0.333258076570542 -0.832561515324338 0.0220403828219807 -0.0232630860993713 0.404096073952284 -0.305641422049839 -0.863763033830787 0.0134607684335477
677.443648634079 172.088830177663 -503.896687153518 -0.140928375575798 0.897320877979672 -0.418275548942846 0.420505453614976 -0.328233919462586 -0.845835479012642 -0.0671931373036515 -0.0694550843545277 0.572381804017991 -0.148950215781476 -0.0636195925712532 0.284110436705555
677.302850744978 172.00791183306 -504.361729953042 0.558177859091309 0.819847351841185 -0.127623654915993 0.224372682720726 -0.29723015703475 -0.928068495853846 -0.278786744724804 0.424091023468331 -0.0801955598144201 0.0456467475211054 -0.0673792506618866 0.471664091653579
677.895678349509 173.054563264593 -504.526122620379 -0.532238479249049 -0.846321822542712 0.0214842721237686 -0.524887058513452 0.349791733255361 0.775976365095099 -0.334935640417291 0.121279676057659 -0.431459990549584 0.46851385681356 -0.349047807580993 -0.00816235446404654
677.363021071313 173.168146314295 -504.349037795874 -0.0135630674288463 -0.957655465471055 0.287597031732406 -0.643154124919118 0.228584883567035 0.730822634164884 0.0958590397913759 0.361724347485296 0.0284591055324149 -0.0888944097163183 0.194690836132134 -0.118231591701257
676.907379213423 173.166872348012 -504.14276473937 0.561945678649156 -0.547409113605343 0.620129274087027 -0.594473963189152 0.254027047925848 0.762935754834005 -0.740929261988558 0.38946610424364 -1.01122025497034 -0.530462362350106 0.187853339939116 -0.255856351547381
676.500725743913 172.999616142588 -503.709288898589 0.829442626472905 -0.0544771823562176 0.55592910156826 -0.511408623357473 0.326268927336969 0.794990444591595 -0.174802189602926 -0.312785602832052 0.0682106541048193 -0.0355253258477598 -0.324508778062323 -0.235390330473769
676.319398490742 172.796764975678 -503.155987429938 0.762908248468314 0.604832425252672 0.228360990044894 -0.426296856509089 0.205068324812028 0.881032333281229 0.051085304257779 0.550546697861245 0.456335114790853 -0.169888486113635 0.0610631362455804 0.288406375549383
676.296448726718 172.81299574465 -502.640917619325 0.379753393320322 0.892138034432475 -0.244697952053952 -0.352117244244222 0.384000060974019 0.853555738925354 -0.440470694504725 0.177013550641036 -0.0709905072704173 -0.146110922659924 -0.218851918364951 -0.0136496764170463
676.382771525259 172.937271785564 -502.111537873057 -0.0515031443075674 0.908980832626413 -0.413643895228677 -0.15073835586519 0.402372595784987 0.902980754082783 0.349853323702978 0.230831741498366 -0.245282124459001 -0.53366331608329 0.357833843187525 0.436649717162138
676.543471686129 173.25270056235 -501.650174543674 -0.416282689173305 0.725397595382057 -0.548185234509074 -0.0941086262690703 0.565295005422422 0.81950297334954 -0.185497485867748 0.229722703190794 0.0284813301964392 -0.225150745242721 -0.229116505762177 0.28103462702447
676.723360535508 173.698565427171 -501.348005033735 -0.829190525804823 0.402715630593859 -0.387637966143033 0.00367589712114207 0.697404715397127 0.716668089651238 -0.580281772258454 0.233916947522786 -0.195662273184606 0.251949198610098 -0.351568342115403 -0.371030110974412
676.790628911663 174.206450241242 -501.175583358205 -0.987638081965567 -0.0980838836552485 -0.122272526765163 -0.152516852248897 0.781384484622477 0.605125521642311 -0.578255702733176 -0.135673644881761 -0.222430181354985 -0.373875749046206 -0.318276677183288 -0.552274318691045
676.610905081449 174.70683812917 -501.169749795626 -0.823218291396715 -0.50903413665995 0.2513879320606 -0.291000977773583 0.758544500585209 0.583034022613961 0.0652820838925297 0.129869214776255 0.180731375110461 0.173642750742803 -0.483010466192788 -0.000558762486501974
676.181020320611 175.158387568377 -501.068056983417 -0.327900678729935 -0.740016481653088 0.587245052558837 -0.0628142389355485 0.637315286922246 0.768038798777691 -0.0173505284634682 0.429819339451964 0.168886261556723 -0.481206935080846 -0.599080989718033 0.00550259914005206
675.782353134471 175.416522169424 -500.813579936918 0.427987346581501 -0.653482010415663 0.624330115587381 -0.100024507471263 0.652303069334755 0.751329357633679 0.279235685726808 -0.627730739656163 0.215241720725567 -0.03814957876698 -0.330991457533696 -0.0437633188814621
675.561671745644 175.611778326065 -500.418054187002 0.770917979158247 -0.497881554765234 0.397239759875742 -0.180192314283797 0.427713017304527 0.885772151681559 0.345403286219759 -0.182148278982492 0.0173542195107546 -0.554489193761189 -0.172763090399045 -0.301246831582538
675.350704321407 175.594247901486 -499.895331960458 0.99710390270455 -0.0705792807774774 0.028326176169584 0.00314146240188716 0.410367276405902 0.911914924548134 -0.756861226711067 -0.0320194982715696 -0.553215691515461 0.118092753660361 0.595757163562893 0.36359410432936
675.441779436187 175.604307596889 -499.334894519479 0.773412584471496 0.409468508221584 -0.483909614476825 0.319943755789206 0.40686344057094 0.855627333527072 -0.316390357554842 -0.452509516216883 0.203200341937024 -0.171614359511674 0.0407503267001922 0.328661686140107
675.742625104619 175.540380739317 -498.909149996848 0.288051365074315 0.783116335643311 -0.551139924062771 0.564898477321217 0.32577102026186 0.758131223902523 0.150253537284697 0.0503266437585418 0.578783116388493 -0.357562568309432 0.581543228199763 -0.0803069264084832
676.15785551571 175.67436792356 -498.691588496184 -0.477953747170766 0.809439115979703 -0.341128323487198 0.442409904150981 0.557335512496224 0.702602734991729 -0.0387876958819554 0.675913169722086 -0.469481774408247 0.260210605295423 -0.58327537124199 0.20886979518485
676.524099589187 176.031089064402 -498.604514296452 -0.895279123147904 0.415833129852112 0.159869008131894 0.408324537412992 0.622390456004828 0.667758333836007 0.10596353058669 -0.178056399792537 0.445014575026796 0.590899309912927 -0.515976509233587 -0.275506377485714
676.588344853379 176.533031152688 -498.591037375704 -0.445468499485742 -0.204906595443223 0.871533764759657 0.520414393422706 0.732845258887063 0.438299766890844 0.366941831481335 0.336813060041638 -0.1480110211714 0.161274497076327 -0.184450552154976 0.460607933421111
676.651250833031 177.036593704272 -498.358040285525 0.0717305725194806 -0.652980023227559 0.753970698503821 0.708626489870574 0.56533319799571 0.422192933463784 0.0645273888508978 -0.231025177262579 0.105752236308393 0.115287130746499 -0.000156924414491663 -0.532611692518266
676.745952996141 177.435840839915 -497.96342910089 0.349900151673559 -0.887511336907895 0.29982246531169 0.583022772186538 0.456825917601556 0.671859009101092 -0.0941429032014665 -0.442813342004051 -0.599445702272777 -0.422278548322396 -0.346198924773544 -0.288110133655088
676.859162572099 177.559650812248 -497.453843299019 0.59321945348174 -0.744358572841473 -0.306628431507406 0.752562441785592 0.377480405882142 0.539590876831765 -0.100737524431157 -0.383035066107707 -0.0742030878747932 -0.0217815536470732 0.29483546943181 0.01263524529465
677.082606183082 177.484299698116 -497.05407538469 0.620930468850972 0.0751754782583101 -0.780252523446957 0.677591687425591 0.448971476740102 0.582489586374326 0.195446403111761 -0.147320789692769 0.391547303750426 0.0531554994773686 0.334980519021944 0.114345469840143
677.547029053513 177.349116415794 -496.896572448957 0.203476180152447 0.829918810592991 -0.519453763085759 0.641331377175204 0.287906768596745 0.711198816983546 0.257843328678385 -0.42678780333244 0.156276618011356 0.485771044065243 -0.393502860349726 0.83867298616851
677.92915520351 177.328027828651 -496.820307080492 -0.282898755612058 0.937727276321429 0.201583355535865 0.608695207871844 0.0130995945661498 0.793296000553257 -0.460791054445679 0.231462871814322 -0.576502915163713 0.304694254251961 -0.308404170820294 0.373496994588226
678.337897870338 177.142294544788 -496.849994519834 -0.318179866690177 -0.039438170334229 -0.947209693345032 0.776566471035054 0.56225944467838 -0.284268944747825 -0.605037002008052 0.120094165337047 0.377399724314362 0.0429700588483363 -0.306068948128082 -0.507325136876612
678.771538425141 177.126248392988 -497.165219111155 -0.595116322730079 0.699226082965492 -0.396130593768322 0.802083595868856 0.486134219531912 -0.346893969155993 -0.00188272199630115 0.184341337537737 0.80737312505965 0.382833514487268 0.424248192398078 0.426436195188684
679.000359044867 177.325062043178 -497.608043483599 -0.419004555178947 0.803941718627644 0.422034235337649 0.826326400939438 0.530270980313539 -0.189729719738516 0.284451170633079 -0.258953140347776 -0.354005836517002 0.239077042752169 -0.0637859729879647 -0.104772325726563
679.292081274728 177.789771958924 -497.90153093028 -0.378636198509491 0.4832794978294 0.789351351527954 0.731721297318434 0.678550090378703 -0.0644493436871169 0.208906821800122 0.205460058814254 0.114312160425134 0.170761868555606 0.620381563950424 0.215268838998934
679.44565833668 178.254251502009 -498.001683521809 0.0338577539481367 0.0450012787964456 0.998413009431698 0.734499591591301 0.676344578814944 -0.0553927852286883 0.430171989633757 0.0187582284079074 -0.445848155472515 0.213102175070754 -0.356389953902174 0.152141378049617
679.574094508961 178.758901890526 -497.855155709613 0.423824770025475 -0.48890155408653 0.762461693933409 0.722633698270481 0.69002778339286 0.0407700412117896 -0.232686944830035 -0.564205641658958 0.414421989114289 0.457104052029161 -0.484917519732012 -0.0804294940986362
679.833234863372 179.178832995184 -497.548791285657 0.587452026721973 -0.751746044607854 0.29962977276693 0.689489452596415 0.658780961905643 0.301018170546575 -0.0228184092294833 -0.105972269184762 0.0911183948347104 0.0753819117081795 0.245699048764243 -0.156170749414129
680.013799530112 179.357831368084 -497.065175261154 0.751801900508045 -0.625368742515321 -0.209064196462912 0.650088181716079 0.649891629336252 0.393733699442925 -0.0907256654337104 -0.0501073219117124 -0.0342640770583594 0.31634389293227 0.413062244408997 -0.338120150075315
680.497093972671 179.449446904845 -496.711611119927 0.47140871118812 -0.429763886809414 -0.770114815199744 0.768722533186604 0.628229591383865 0.119971861082026 0.00184761328897512 0.293134172369066 0.148186293628696 -0.026681423641392 -0.101920925591638 0.187622419654391
681.039272055639 179.536642026945 -496.50330025703 0.0831148810318644 -0.092443589814659 -0.992242963815375 0.819727982529518 0.572548049860388 0.015322050374767 -0.0708649800469631 -0.200122426031585 -0.324616596047494 0.154372233753561 -0.0697594717491504 -0.437992278757237
681.53584731075 179.560184087551 -496.535374368118 -0.38588198334357 0.452423616432362 -0.803995003852179 0.642611308993844 0.757111053628828 0.117616146914726 -0.237612879865956 0.111079109326048 -0.0387535122880434 0.22848613949211 0.127620150647429 0.0378243353286883
681.978826556578 179.849244558889 -496.68603735293 -0.780262170582304 0.517201799679732 -0.351700502661475 0.577008491263627 0.812232799078597 -0.0856684371144046 -0.194421876234944 0.490824964564823 -0.10081117119535 -0.188893455105306 -0.204658203230357 0.316823075258215
682.260698015711 179.993262799808 -497.036096885469 -0.689030017727833 0.6379074814908 0.343964648898472 0.656871711314709 0.750214633192263 -0.0754821765621411 -0.587564131366568 -0.0782167085447987 0.0706485529690851 0.217647929546393 -0.226569591312722 -0.168367300077328
682.569128219035 180.480199958188 -497.08306734839 -0.804618936960437 0.410641949028928 0.428907397877411 0.392868925688463 0.909776060081651 -0.134020624108899 0.343839181267609 0.0897801712764466 0.251695672485364 -0.398964394720985 0.372733234820082 -0.0904446378053992
682.526117023894 180.871827909699 -497.364033399454 -0.364405499578673 0.316094011857619 0.875952742751783 0.387753463718136 0.906713565003055 -0.165884786495557 0.227582481548833 -0.151853899829037 0.271461408073095 -0.015852156191922 0.391232191606358 -0.723506895159561
682.279816520638 181.372789584097 -497.423024204926 0.293078100425575 -0.015847522992042 0.955957155457482 0.177691896295772 0.983345428343312 -0.0381753658458721 -0.103384150946885 -0.351528385311393 -0.100324271352942 -0.129655878412159 -0.239968747920181 0.145474239329165
682.130337162183 181.83262809944 -497.277239976581 0.869332502449089 -0.207857853671863 0.448392810881934 0.290262522944229 0.949032879715514 -0.122817999437536 -0.317740896534811 0.458698823984928 -0.384780690377974 -0.185708685833284 -0.339826602640174 -0.0179638640000557
-356.077490887305 419.160010538156 -1127.5081197468 0.304308633184321 0.744827487626607 0.593825116878711 -0.87996797948591 -0.0189053081970897 0.474656659482156 0.207559823238691 0.447157468472795 -0.135477036496742 -0.359231005244522 0.159050444762706 -0.18038148558694
-355.353007704121 419.229388097442 -1128.30864923724 -0.425662450407144 0.563412683081779 -0.708080240423731 -0.329867305541921 0.632048589038942 0.701214761576056 -0.68734282835106 0.0335227076675713 0.622561779760977 0.124871446951676 0.196541753376403 -0.303197219571404
-355.312401959488 419.694776238545 -1128.07230304142 -0.861088255444139 -0.067291792096791 -0.503982967007348 -0.469987260303832 0.483545609976575 0.73844134377664 0.2413188637451 -0.493131425991235 0.0640355062838088 -0.22194848466119 0.203809297893082 -0.426032237439921
-354.483429395183 419.625568967411 -1128.53582164025 0.290775854504518 0.898793854357136 -0.32805336423425 -0.0382202940503953 0.353505963680325 0.934651134245757 0.444132975827111 -0.703807626587624 -0.304823310161627 -0.702220796729778 -0.607720498377691 0.467740418785316
-354.228241810912 419.848385898756 -1128.10880427266 -0.495824697140221 0.756902863448 -0.425741617698097 -0.117113982723159 0.427489212402559 0.896402414296862 0.0832947964659573 -0.171915526785549 -0.0461787465187139 -0.110363770543628 -0.169963370128899 -0.351361545887707
-354.263835621826 420.201868834949 -1127.68847382219 -0.832537754573307 0.206018834884394 -0.5142345057351 -0.392279420094491 0.436192968574322 0.809847239139573 -0.24857629673933 -0.168982075998777 0.0305294132892482 -0.280295421152428 -0.0811476625212642 0.399051976639916
-354.64113420415 420.58406229165 -1127.53883842304 -0.724212449623351 -0.620127394033293 -0.301593008887749 -0.596220524662325 0.343361167983394 0.725688772349548 0.603404767790799 -0.0972476973554501 0.235120020601823 -0.17500726311168 0.34766387615085 -0.180517982956159
-354.609849370718 420.11512282971 -1126.17776242878 -0.287949542417784 0.195646467776919 0.937447342874906 -0.872809525328313 0.349199829702949 -0.340973622778777 0.420110062039809 -0.0557636455537259 0.263067910969991 -0.190615480651448 -0.569654201627729 -0.0181807634367447
-355.23970079773 421.023852911063 -1126.78904386476 0.075120100957949 0.84591075182558 -0.528007547690379 0.39487214962891 -0.511453569777431 -0.763211131627302 -0.386332900137748 0.291127818201448 0.0951866478475694 -0.0578265683448182 -0.16888560767507 -0.0619116486518
-355.2290237942 420.73908616493 -1127.37485398717 0.566189778002131 0.770306503495124 -0.293354778302344 0.290442394014674 -0.519509752188612 -0.803587476966362 -0.373517151947827 0.406239114187612 -0.323062035981467 0.262809874590554 0.03784774034439 -0.0059988418863114
-355.268937859798 420.764670875929 -1127.85446460167 0.995611517032164 0.0700559290136818 0.0620473529063468 0.0833113094749316 -0.361514578569933 -0.928636869405572 -0.38799930734141 -0.375823685866303 0.140733866072488 0.24852831195971 0.284399097966019 -0.191569346973069
-354.999128838433 420.862220570956 -1128.35863513638 0.594068098666485 -0.675533737913308 0.436734774344074 0.0586499706185258 -0.50510340720095 -0.861063719485164 0.23390328692695 -0.64249056039777 0.112103794193876 -0.342142086402369 0.0326280660031684 -0.025178696908697
-354.807702209501 420.753479493327 -1128.74615117015 0.317447330425476 -0.767159631733441 0.557398683058781 0.487384551847109 -0.372226154508337 -0.789875932374164 0.0749154152188673 -0.556498420221755 0.329776624405025 -0.193938892768354 0.0472000762974881 -0.387503164189444
-354.413977560159 420.645958965256 -1128.95987439226 -0.334449387088522 -0.90214972190275 0.272524286804047 0.472030600632574 -0.410648424491786 -0.780099342144766 0.267851429566174 -0.540263326075933 0.165877509207286 0.183926365187402 -0.509559791523679 0.201360517961027
-354.076381890775 420.367124929406 -1129.08633595148 -0.815802896948474 -0.496355430929602 -0.296811252212547 0.514629370956892 -0.388892708268048 -0.764145975540819 -0.121247632966302 0.38512189084543 0.122322438896591 -0.33385740425773 0.145633985992637 0.20087810062018
-353.99336585048 419.998825293942 -1129.52066120898 -0.966157216427479 0.0342660511012468 -0.255667891830012 0.207431434155563 -0.485964721540761 -0.849005588656467 0.124351704049177 -0.514657985780028 -0.154832650957546 0.269780722293426 -0.0556390978058097 -0.334556926819019
-353.988934581721 419.612573906349 -1129.89271667934 -0.985679120513009 0.0687597355231638 0.153976524911319 -0.160402947638706 -0.664050026545961 -0.730279711283183 0.185106505394194 0.233423517383637 -0.19336571521592 -0.343595490962279 0.267711873372483 0.182280697955856
-354.182487041388 419.188784447619 -1130.02228252419 -0.598029004526678 0.55783161613493 -0.575486922301664 -0.143210026940465 -0.780853379423901 -0.608078027867271 -0.440014126311621 0.11257223753811 -0.249081652702439 0.196877400175608 0.280110799855336 -0.229281316259679
-354.521974897949 418.968969757287 -1130.22296894034 0.461580487295417 0.37201449522331 -0.805325194620759 -0.215108798252338 -0.833787889437222 -0.508454482073558 -0.0445019231032029 0.534613204970841 -0.626133724087502 0.505715818428018 0.199890743490376 -0.163606224813855
-354.703374057437 418.733485906677 -1130.6555254785 0.996516917249126 0.0208352712974021 -0.0807460532229086 -0.029874781386703 -0.814817784023955 -0.578946868276479 -0.295022072319178 0.234341947294622 -0.190160192768383 -0.256646637874676 -0.615758912473483 -0.373263864618773
-354.639946124604 418.3526177698 -1131.04328652694 0.895082825211245 0.169878046018376 0.412271979990725 0.367509158948473 -0.804652233606921 -0.466338719206532 0.294337256526244 -0.26921151993229 0.0340845929159632 0.877991238428343 0.194239199491886 0.0247784970743271
-354.398050739899 418.194879725331 -1131.43145700582 0.451904448128674 -0.215268498656933 0.865703091861257 0.39687270882124 -0.820601370659667 -0.411224322584873 -0.450157935949449 -0.0896336265997591 0.12288515488578 -0.501487893392374 0.231700314999551 0.497197419795085
-353.947301363739 418.031824416244 -1131.52892847883 -0.323150071926233 -0.64644521608941 0.691145869990755 0.200156018876277 -0.760495386001302 -0.617725129789899 0.0980538353386975 0.427151691521779 0.241760965053248 -0.429251366873704 0.0861446722169851 0.22355948941371
-353.717789882472 417.543631796738 -1131.65830346385 -0.73443657954109 -0.313728756649136 0.601811580063043 0.0564139748890124 -0.911893815200176 -0.406530605565076 0.0191225051294259 -0.22698538055044 -0.306475578263055 0.472611998183654 -0.225812909529237 0.248991175860141
-353.588525973867 417.095588410329 -1131.59520590592 -0.919981918681627 -0.0611326784395338 -0.387164131784258 0.228452733115646 -0.886268976965142 -0.402910224769297 -0.0338196530968375 -0.267402626451014 -0.0592199031208729 -0.155247987682528 -0.379346708091478 -0.1743214256475
-353.656663860797 416.630208465678 -1131.61281145753 -0.380524806112274 0.309756342504087 -0.87135060695471 0.26664645486943 -0.86546517799037 -0.424110473639877 0.0704957544984226 -0.289724359191659 -0.0750018752820223 0.167420983247167 -0.16301064458076 0.465748445702808
-353.847961091267 416.209457920419 -1131.79510955398 0.539563602777743 0.397308649387653 -0.742305163386683 0.19053292575358 -0.916402952160268 -0.351998342811686 -0.165544862889342 0.142324486625397 -0.0730445580775695 0.0915193383379955 0.123520424005583 -0.0362651170480445
