t = 2235800000
b = 25 25 25
E = -1.1946818120591 -1.3510374045556 0.156355592496503
-641.892753615494 478.08672154429 -187.762378439448 -0.285543169449247 -0.656023600403354 -0.69864020357606 0.812804975553585 -0.552001176574577 0.186125690684025 -0.142927020761333 -0.11248700621001 -0.296066532874313 0.274784126237305 -0.223456870988527 -0.560489810842338
-641.631186972258 477.681803869893 -187.484262628588 -0.000584339539941526 -0.173012484554161 -0.984919457991746 0.776009055476547 -0.621288538215363 0.108676115573662 0.224230019170648 0.378863861799941 -0.362089011938134 -0.270078096734288 0.28575419584085 0.1688859693336
-641.51541776078 477.158909147497 -187.49415504184 0.362201566579882 0.322569800248754 -0.874504859411863 0.701530205398124 -0.71209350898612 0.0278963326318591 0.0495307468820293 -0.0274241162861616 -0.010471731407569 -0.261298590161681 0.277305915960855 0.0927712643189399
-641.143000895466 476.692458487549 -187.638425395452 0.323040643245201 0.63742889999536 -0.699520650335781 0.791608406289507 -0.587077456821906 -0.169399500494254 -0.218480612925131 -0.371188582661317 0.159361521416332 -0.268635989365065 -0.474555122047898 -0.573808635798635
-640.934130820734 476.39343900638 -188.001350419253 0.559055214798143 0.829062333508084 -0.0106260972411953 0.808463746945748 -0.547919173458718 -0.214874263727657 -0.028704103347054 0.206080101603598 0.541129290534706 -0.0351480019554097 0.368055838886729 -0.141836248420999
-640.587634368697 476.190843846582 -188.33951931509 0.487967901517268 0.759125655580706 0.43083125014719 0.859546419093317 -0.332026247276525 -0.388508075236229 -0.203390961253709 0.0478799045758697 0.316348980548921 0.182677170314191 0.0838059168464071 0.193157239725621
-640.249185491899 476.265181099259 -188.70659365837 0.475291821979387 0.276754853292467 0.835167309655349 0.870896290014917 -0.282902565100595 -0.40187783053246 -0.134781738912533 -0.214608038768383 -0.727972190392738 0.369237592658986 -0.080532753284312 0.0095484114109574
-639.789597224345 476.431249058892 -188.934022214113 0.336770648213367 -0.307494675013807 0.889962108931778 0.904165084568328 -0.158206098543265 -0.396807674097917 0.461967293726043 -0.307643342638825 -0.397920211109531 0.392267217214316 0.337052464991806 0.0860692308976579
-639.229078685123 476.556304214422 -188.849003863897 -0.113218810740064 -0.712853517148959 0.692113692943292 0.917063477078275 -0.343027542695245 -0.203289655269226 -0.043990112496635 -0.0765366260466449 0.362445622283706 0.362465355971722 0.0631134792780439 -0.336486539920385
-638.663735749668 476.421199122687 -188.76566446203 -0.530001276470585 -0.82001960010463 0.216024309785271 0.793660747897485 -0.569397693764412 -0.214216907859853 -0.266848860923395 -0.20248190553156 -0.234740200221397 0.0177653425748699 0.209483918894054 -0.122885217506506
-638.215022513183 476.162223742951 -188.626351360825 -0.702594790635426 -0.702143643692931 -0.115563245962954 0.699358269473487 -0.711332863694205 0.0700254808752554 -0.00764727910877216 -0.123483945167625 0.632598979336701 0.242851425337979 -0.0242692351712522 -0.249582143439591
-638.011737702636 475.758922826443 -188.274001253821 -0.523057557061186 -0.453266663123492 -0.721775674358667 0.797235100411501 -0.559652184643445 -0.22628660341948 0.132090751860189 0.290892247469548 0.0898883468508424 0.220720250139447 0.202506385579863 -0.101324476850254
-637.783668794116 475.287396717377 -188.267460240161 -0.285328374255822 0.0695547112504286 -0.95590264199716 0.685031913713987 -0.682742089188369 -0.254154513702782 -0.0283690103496981 0.0525758035714439 0.2457902343972 -0.110380576674041 -0.0789457205260284 -0.258520555062169
-637.857171312863 474.756763847947 -188.326079302687 0.244860064770927 0.383354008582157 -0.890552217859029 0.669034572464023 -0.731599480275403 -0.130976872961588 0.36266040999022 0.135070770367804 0.0366313761337249 0.471884177139297 0.187641924913768 0.158882892957251
-637.748986374589 474.333639865455 -188.612341758441 0.546051129329184 0.69974893923841 -0.460629554213998 0.676008688400072 -0.692801735473547 -0.251073711396506 -0.142734845243602 -0.0977753304641182 -0.238033414339435 -0.0757229718835647 -0.36138162229682 -0.0492339408980415
-637.707584106172 474.045974814413 -189.006564153676 0.801124109730597 0.565293678950015 0.196578781545717 0.590821588476568 -0.799410371938453 -0.108962873660727 0.397519976771531 -1.0349786812643 0.409791109148878 -0.0400360079498204 0.206278036139623 0.134254825850615
-637.432998642942 473.86400249755 -189.385360186959 0.705205234730753 0.219794185874289 0.674074248697072 0.513740479833789 -0.813631110092266 -0.272167477958512 -0.0464032220262659 -0.084507979142222 -0.267364777008804 0.473073854868404 0.0398166797521426 -0.27002175224348
-637.041239276251 473.789244975069 -189.644803949809 0.212954388593821 -0.402449174691746 0.890328641667785 0.348141838569687 -0.820168267078608 -0.454005808249377 0.298564272571604 -0.18697291921605 0.928726933698052 -0.0790504563848922 0.642518508702383 0.123629665685736
-636.753444769909 473.284230024945 -189.798475012274 0.164627137256843 -0.150641703278071 0.974784582818365 0.517703832890482 -0.828003270352992 -0.215391099349443 -0.509968527885061 -0.339392401711443 0.549893571381824 -0.0242356860758117 0.169783789157469 -0.485144273293208
-636.345418976825 472.997457717753 -189.878535563519 -0.216090635343912 -0.258613354470398 0.941500913511097 0.645585767339438 -0.761253312591438 -0.0609295576093613 0.350754493163792 0.742895114281258 -0.101488184345361 -0.455795686320522 -0.231204194772181 -0.204250518284559
-635.904620942801 472.814717374595 -189.688778500845 -0.676371906493453 -0.586389918963926 0.445721782116782 0.599023750073526 -0.790045752506392 -0.130377359253052 0.0672089064814519 0.292652030336064 -0.512438612978185 0.316024863726325 -0.427773012595377 0.337127509019729
-635.528561014728 472.531670876271 -189.50244738449 -0.79265805180633 -0.607089290385192 -0.0559982712443351 0.609577262055256 -0.787620540318436 -0.0898300953236484 0.773107877386968 -0.45074777322995 0.042174636214641 -0.198440355419584 -0.368807522235843 0.440218788446152
-635.241659671853 472.066339154611 -189.407130242489 -0.902240055819931 -0.315928956442287 -0.293516228110962 0.353232890446909 -0.931865808822372 -0.0827806708552646 -0.432493805080165 0.324645355461011 0.148807783861363 0.339192267052131 -0.307080248070292 -0.301321635329195
-635.334176994824 471.628771424982 -189.219738548478 -0.354486678240862 -0.135797907196495 -0.925147622456515 0.0534460020078185 -0.990723151173018 0.124944638043583 0.437553722343016 0.162918236638399 0.373637349946076 -0.224164673638784 -0.486693285953698 0.0206154868832161
-635.658498510263 471.121853001686 -189.226579367237 0.555928554452918 -0.0241051245279811 -0.830880487962422 0.120476624883807 -0.986688022839315 0.10923428205543 -0.293280246309309 0.277209668842347 0.125783559786827 0.431801595281062 -0.281851117690482 -0.120095567563283
-635.503280371781 470.57291035628 -189.251760037514 0.347355307498884 0.29731600763866 -0.889352282258089 0.179465553156908 -0.951952661307171 -0.248149644095786 0.0291968409232988 -0.322787388020973 -0.0313117145471036 0.150113382490952 -0.113632109136051 0.188969054345267
-635.838347694823 470.42323415235 -189.632386568152 0.495514541250539 0.587004909951558 -0.64022697151914 -0.0528693828289283 -0.715330066930216 -0.696783842849036 -0.11917608054461 0.172680285545681 0.167373683428527 -0.109375405358572 -0.304932230704239 -0.362158933788267
-635.887396810784 470.175328499515 -190.044844168939 0.904557481841476 0.423250376262199 -0.0513310924160434 0.277862026100633 -0.676545804168658 -0.681966618925325 0.0411932008075607 0.0654625703237653 0.467838784770989 -0.363186056079955 0.228719175847735 0.431432578733061
-635.706434841954 470.080127559165 -190.500172372894 0.891799717661672 0.0278317299347213 0.451573535981682 0.370339145907599 -0.618246222748642 -0.693268003792527 -0.0792690733196966 -0.59876250210326 0.260254525414404 -0.195393914168197 -0.250820995627438 0.416230946267705
-635.446756636978 469.992931921595 -190.886493819328 0.447867162470769 -0.410629028969964 0.794228433971676 0.290510502547883 -0.773269009699965 -0.563612177409004 -0.319821833388549 0.151691539919713 -0.0824529476047273 -0.169139181446037 0.19773454736907 -0.278777820174669
-635.085987978681 469.596051935918 -191.103774810812 -0.147042979089719 -0.317741045283254 0.936706459026677 0.149205997793581 -0.943289236116214 -0.296551828809794 -0.165236214545579 0.367591123056676 0.193788688582438 0.0869490387090378 0.369756971449751 -0.825961973244818
-634.730972387217 469.142007580139 -191.060803355617 -0.675080213674187 -0.31270939423832 0.668191244955746 0.296036620723136 -0.944427158351331 -0.142897381768102 -0.417262906565352 0.523110114841582 0.0795744506032096 -0.0382392911817568 -0.434221028346186 -0.630368536626272
-634.518466318096 468.758022535775 -190.676972120619 -0.940884559450037 -0.338257216474927 -0.0178410002690967 0.336802994325871 -0.939847020608427 0.0570203548308481 -0.464758977743446 0.0589355970021662 -0.388794926354888 -0.145960813361437 -0.217339890253294 -0.507362870718598
-634.491147599891 468.285000711957 -190.445483300811 -0.791926183324799 -0.112922530542819 -0.600084512578429 0.275013698690426 -0.943393626424612 -0.185407473177101 0.399117230548571 0.101960818322553 -0.036644548374055 0.439994180208473 -0.181439079329596 0.313416893383726
-634.553114783113 467.701050270279 -190.419770474184 -0.442249596980755 0.250559352344423 -0.861182503855597 0.208009462104999 -0.90535139874641 -0.370230885399462 0.485503730927771 0.00506098923984559 0.327818937482186 -0.715199421300253 0.25893894341064 -0.679808053038329
-634.730287969287 467.285479282896 -190.451511883201 0.0136294763395194 0.270792248638499 -0.96254132140576 -0.0510613048341154 -0.961186280801143 -0.271134056675922 -0.00716529618368744 -0.262935526817532 0.146220051275162 0.373748813585113 0.124938274157802 0.14073344100417
-635.07161070577 466.942835803818 -190.70769956981 0.637366176188729 0.201282543332753 -0.743807565972004 -0.121586303882693 -0.926917893480266 -0.355021111272097 0.108174751664704 -0.187044650004044 0.180273659446322 -0.252223229701371 -0.0320078855764794 0.138262910481447
-635.271352134557 466.617195098266 -191.123080207651 0.966296031284907 0.0673771329515766 -0.248459859704809 -0.0562950751997909 -0.886477962311739 -0.459333960048821 0.776464672245415 -0.0619570872186437 0.103775741832543 0.384931441095516 -0.266672866355188 -0.248675122341278
-635.353843471368 466.343015729127 -191.629778944151 0.919477482598528 -0.185437143365954 0.3466615422275 -0.0414852040344721 -0.922612086216409 -0.383491742052325 -0.266176337985069 0.410546896056058 0.350261035541608 -0.409238372348753 0.170314592719983 0.544075679075495
-635.163715354498 466.03275697111 -192.060503109218 0.627573273310156 -0.308242653221403 0.714939335414489 0.022309860307959 -0.910790156002612 -0.412266372381959 -0.27123887108368 0.177383750711741 -0.0936955491651956 0.0893394715043944 -0.465563407470518 -0.057418751699049
-634.819304232793 465.650039789192 -192.304942397174 -0.142571021344578 -0.295451012970371 0.944659834390185 -0.187108757882618 -0.929155903625332 -0.318841056536734 0.53351442337091 0.00180867169357153 0.106241792874419 0.202244255676452 -0.160739975483003 0.011060439364164
-634.483973191825 465.215901000241 -192.317101850487 -0.680134760277671 -0.175780747230772 0.711700665147489 -0.0821217686370753 -0.946447298893275 -0.312239532322791 -0.54198118845693 0.0486634743657838 -0.284953657157437 0.452994732240246 0.0279529469941781 0.564569922070159
-634.421812540109 464.592199196267 -192.250222500103 -0.904708562454704 0.0920162022875116 0.415975282340741 -0.190435281209265 -0.96076568830595 -0.201652413344502 -0.399859171959069 0.177125080607395 -0.268098419808784 0.281073351519962 -0.240129547585832 0.0673521923295532
-635.49739145508 464.739632061144 -191.750570467905 0.894678586975443 -0.148582727734589 -0.421275917935952 0.289898591922276 0.910621677311034 0.294494426469686 0.0979672640343609 -0.271966517589696 0.593087537292456 0.11703314170215 -0.240904892513035 -0.382111044429085
-635.179221428651 464.96111102783 -191.400316424592 0.601510905728698 0.146482685169777 -0.785319968696896 0.396735333206869 0.798474314821344 0.45281325505606 0.264265008985462 -0.205248972362859 -0.181787662472679 -0.0184563434422588 -0.296907339333656 0.212198718435014
-634.732566182148 465.296575335383 -191.17952186443 -0.0417062278557188 0.301331483881733 -0.952606911200537 0.284117283370382 0.917651817789564 0.277835401670475 -0.196137056618269 -0.377886871774681 -0.0797972307180506 0.138373889658486 0.334353389496672 -0.261805604541197
-634.357844658684 465.650359508286 -191.255976385857 -0.718248816958038 0.353834985536375 -0.599098856602745 0.233959183493174 0.933720745848881 0.270977248650931 0.183929386672535 -0.613894196901993 0.160113480091177 -0.623192104363662 0.603192658125486 0.0404508655649928
-634.129558038391 466.125568258573 -191.320930688889 -0.974343485407435 0.155311478037696 -0.162889892923389 0.13408059147097 0.981848279850016 0.134150476392044 -0.279392289006441 0.183317323113787 0.602858318938493 0.285284260946266 -0.829292552079633 -0.772665569689427
-634.125831607146 466.664313484589 -191.472766135182 -0.919087555990935 -0.0791069482010466 0.386031287808543 -0.0239927602711014 0.989058741523463 0.145558075236785 0.47353719171235 0.57470456364825 -0.0359866472298824 -0.0982677009028795 -0.287807433120893 0.209177009686576
-634.330902910205 467.197393602792 -191.609597477743 -0.583579776128655 -0.253344517480739 0.771525242871701 -0.105937564314741 0.965721008665385 0.236981362020268 -0.220421658241708 -0.206865281037137 0.47962023818936 -0.324314853251106 -0.203785584297507 -0.437945112821679
-634.661747954994 467.619186703537 -191.620110402857 -0.14459467552065 -0.271427467054383 0.951535343529328 -0.220616945784295 0.946277868804235 0.236402957485806 -0.0844818716023364 -0.0680154975841624 -0.365982546122932 -0.130869244694123 0.137265006709401 0.0724615695497033
-635.096021799193 467.9029910912 -191.45949712739 0.401639945442749 -0.0685418029076147 0.913229092540041 -0.51187350929984 0.81008237405255 0.285923167476005 -0.269017704244639 0.0518333458737255 -0.476981092889902 -0.387213109844717 0.151437773419933 -0.25003371982839
-635.472715602314 468.124276275313 -191.075253387527 0.8875858723774 0.186515995502178 0.421192476876658 -0.369452085482196 0.834365254889398 0.409071849393909 0.310354542189385 0.289462578507358 -0.0347801294703373 0.104562127869498 -0.241829944360114 -0.0041188484754491
-635.659536131435 468.448424606291 -190.63426372113 0.961699061897623 0.234452404963286 -0.142010507161075 -0.195849651958199 0.950195697343206 0.242427412985315 -0.154068403404104 -0.0304849823060109 0.00560846130662577 0.00989446745845673 -0.2464289903066 -0.0203144711796901
-635.599854358602 468.847792339066 -190.288726638697 0.763136764170391 0.203136542292409 -0.613480092874722 0.0986294911830717 0.901578708234907 0.421222098564899 0.0735159680120326 -0.379704582220889 0.115720561124698 0.234491761378228 -0.614522650535499 -0.157382160726299
-635.343889569354 469.167931759671 -189.986452189498 0.185670597541227 0.394386733816936 -0.89999196293708 0.201368097171284 0.881206904871045 0.427697650439015 0.272339072946963 0.159569655679017 -0.416325195925437 0.1019744009045 -0.697197369326307 0.180670973468158
-634.909202307129 469.502088893536 -189.957141631992 -0.528500763100863 0.363629368075751 -0.767111873236665 0.186394823344279 0.93127313767237 0.313029252399593 0.0655910480552358 -0.261180435378954 -0.195176920669721 -0.08770433829403 -0.623026235623002 0.377640122700112
-634.630322405194 469.978022408912 -189.984915299504 -0.899524765200751 0.123298869571215 -0.419109276380413 0.0143393100027289 0.967162016935017 0.253755821956496 0.11597298858686 -0.0720052181374461 0.183830610583065 -0.33490769596949 -0.052992297160643 -0.546276445593027
-634.754549642919 470.566537435453 -190.129649303719 -0.959806559262612 -0.258435671235393 0.109464024349107 -0.202961440429512 0.908501264924855 0.365283595744233 -0.0623073608033965 -0.230766613944056 0.244093711511106 -0.22305106862599 -0.267900561408772 -0.395092904718594
-635.005807244482 470.929056687164 -190.294953032944 -0.520937472300448 -0.291334201393215 0.80233941261046 -0.350987121066186 0.929923472875653 0.10977420190312 -0.432003778298332 -0.220278546547006 -0.0313344857244404 -0.270612373076166 -0.113440932529991 0.142629181858562
-635.451642537595 471.262099259652 -190.315517669714 -0.140937583053303 -0.235722879613912 0.961546318005279 -0.553715466735928 0.823894620723628 0.120817365470341 0.309780629470649 0.377584890922177 -0.0546838421715722 0.145406040950234 -0.342677806529707 -0.251303160108805
-635.884714236869 471.471535682384 -190.266259399718 0.461239732366431 0.119779810031768 0.879153403202102 -0.674202933972429 0.691452169042834 0.259507806641362 0.0463556893162479 0.132312982923249 0.671442732057794 -0.273468377469516 0.0557695210702553 0.0398202536499527
-636.24776426744 471.591528524807 -189.913898750896 0.77738803265145 0.457392453636661 0.431810131949839 -0.60828081306843 0.721466026536986 0.330879472037555 -0.336773666184158 0.296084086230396 -0.366935211934947 -0.468744219843228 0.785310178926201 0.536159750326065
-636.470867670638 471.770885765966 -189.455796866858 0.681664250522155 0.699006738043482 -0.216156030969357 -0.640554993739227 0.712913036845381 0.285384480807623 -0.503554762279629 0.000940283452222025 -0.147345700488549 -0.0758510776578364 -0.117726208403039 -0.457653665196733
-636.695631118347 472.151676634267 -189.217478848752 0.732092585499193 0.590458880835958 -0.339703924455056 -0.419331825260734 0.783622969733136 0.458362151163525 0.175390736731362 -0.270705328237747 0.581677369725472 0.487115774932672 0.206358033063648 -0.119591280915579
-636.683755005649 472.518510671418 -188.866711421003 0.300620009100585 0.512629997560226 -0.804262454487724 -0.353241668606448 0.843143144595583 0.405376320523517 -0.043722998534699 -0.386362287873741 0.673156778159021 -0.446902653412787 -0.357145525172807 -0.120086719896823
-636.584815939464 473.009869747211 -188.623783729161 -0.211053929539522 0.280854699965893 -0.936256843168977 -0.160679614863736 0.934834487623064 0.316648925779124 -0.000616683175182312 -0.0268375679601045 -0.302684761088338 -0.315061977457461 -0.404006132775808 -0.223034398334063
-636.496464054498 473.499704351309 -188.597678711803 -0.626038916926032 -0.0905624593569777 -0.774515148609781 -0.21787098894178 0.973992395617713 0.0622177258746991 -0.7922861080188 0.026296987042086 -0.238237168503444 -0.187406611116115 0.141996665259795 0.0478834725099166
-636.413037033589 473.954742503603 -188.791263423227 -0.948115643348434 -0.214972481506762 -0.234229714193066 -0.197651917083944 0.975623330731204 -0.0953563640668833 -0.115089930663363 -0.190413743565522 0.372231970551659 -0.366615200777199 -0.210724397478315 0.131284192664045
-636.567755707023 474.281705189332 -189.050272549479 -0.754930834657498 -0.0433327904686138 0.654371228090559 -0.356862066459271 0.86429252352992 -0.354468474326611 -0.0908995859985222 -0.494119400844323 -0.0269314592122542 -0.122368427637624 0.212702810148734 0.222652759320682
-636.772685500616 474.768194505716 -189.034943361016 -0.773323774988472 -0.626532511820093 -0.0970945452014259 -0.633614518690473 0.769140601429485 0.0833989027399733 0.102166924024429 -0.265347814467633 0.268436260769655 0.0321789247001982 0.290845855720417 -0.412342040053455
-637.136970793125 475.089911045349 -189.216239091232 -0.582201742311311 -0.704420383539476 0.405996372529716 -0.772008997853296 0.635597195704901 -0.00427925807441514 0.208840287715567 -0.176157291502023 0.0500650893679707 -0.266830048044253 -0.424848037789992 -0.387356514724382
-637.62506788169 475.244528189501 -189.446959127787 -0.170213594818743 -0.512382718394479 0.841719241790439 -0.813310876611487 0.555333238258029 0.173581140803919 0.123502100596868 -0.0375675786806114 -0.618670969989355 -0.428460930996357 -0.16542195413319 -0.00909975347029103
-638.167437878945 475.249950269746 -189.381780459352 0.330070471667395 0.114653918179571 0.936967428881737 -0.789813141541097 0.577142927170697 0.207608388735969 -0.369788206583557 0.139905618902717 -0.0188574670424862 -0.170504994209984 0.58697678424876 0.620622656352321
-638.612132934522 475.265723334719 -189.174175450486 0.518558882021725 0.377020777706018 0.76743209409671 -0.831935564805495 0.429719167255548 0.351033692541566 0.118406969994192 0.0914505990513149 -0.389836385861282 0.0197732666678816 -0.778396651831105 0.419228340912631
-638.980521075694 475.268678706745 -188.800769382946 0.582917821689538 0.772560003684879 0.251709860544345 -0.810835457191312 0.533082397482052 0.241596810580055 -0.382630168048246 0.154778870311412 0.230313721304023 -0.469729924470679 -0.184931070894607 0.208809076873612
-639.247251091278 475.423897776429 -188.407993431062 0.445904829168067 0.801799859880322 -0.397851565250886 -0.822936919151083 0.542067843877828 0.170109610820299 -0.538132900768979 -0.019502429837371 -0.436591266000721 -0.487281406363572 0.340209009622554 0.835981165396472
-639.29833631909 475.657117622052 -188.057345243011 -0.0771146781525597 0.70245707995425 -0.707536131398315 -0.646169627578036 0.505225195521365 0.572024749644263 0.119309723544725 -0.478928417427686 0.0474368082358376 -0.534944537063925 0.567074390219655 -0.359843346928983
-639.498723151012 476.107125777497 -187.790765221464 -0.215488945784548 0.223026137123415 -0.950696511196817 -0.763289448819794 0.568758062399562 0.306436753304073 -0.0609108317988649 -0.164320151685626 0.11923313140284 -0.108867091143732 0.217720540011967 0.267233346283495
-639.73264840973 476.633215716119 -187.680129190129 -0.31525442056528 -0.360554496296528 -0.877846857663615 -0.871725232214289 0.475650317617912 0.117694073164055 -0.285264891349702 0.201355809942164 -0.0524953285495619 0.10471349992444 0.163983626137413 -0.349160481759056
-639.994662414825 477.102399118219 -187.788650522614 -0.408127947732059 -0.770948753784525 -0.488947438186712 -0.873479178997581 0.485498085123416 -0.0364106192008576 0.0532952176036865 -0.277244298085188 -0.00865299477336839 -0.18730382083805 0.499161350743407 -0.337316443707835
-640.307367053443 477.418997448045 -187.961122322467 -0.476176972001729 -0.868470450317471 -0.137893322300376 -0.859662975529318 0.492752892113595 -0.134811556920557 -0.415311599343555 0.300414230430177 -0.181329140416252 -0.454141636667731 -0.0588432059943713 0.0740039957862531
-640.731678898128 477.551008939328 -188.351500726391 -0.339986631428567 -0.710792100821127 0.615778921268903 -0.869926469824967 0.48645072575872 0.0812011608560789 -0.714139099777599 0.0486672798626068 -0.0731465308940131 0.105085213636093 -0.207378510063825 0.215992254673
-641.142775359426 477.426701220954 -188.601081872576 -0.225036932691987 -0.0180587352457658 0.974182868366631 -0.829093597230972 0.528754977833317 -0.18171951040196 -0.206861820149443 -0.0914161008462313 -0.1911430059921 0.0156125311808932 -0.343182567453182 -0.213986356501898
-641.621120913411 477.411271818698 -188.647555234025 0.0672749010559565 0.381283095632093 0.922007206405458 -0.932450199049353 0.352808865153209 -0.0778622562750052 -0.0814931760680392 -0.168980449374514 0.234059090349697 0.350805203651232 0.474014861388626 -0.0534627683508613
-642.134361343256 477.289156559203 -188.588205853819 0.198710246721823 0.713947333653431 0.67141153000027 -0.915210742387833 0.380234326934748 -0.133458434138306 -0.424965206364431 -0.22385710439374 -0.156882703893399 -0.0533346792404946 -0.411144735895974 -0.0526471043426697
2619.98238395896 -356.603902052005 -1449.41143726484 -0.0454929058209204 -0.572641011412063 0.818543015131416 0.817036068130917 0.450136480196557 0.360318210204411 -0.586617333523437 -0.757209876544643 -0.382322698375187 -0.265939381501406 0.235631196297408 0.126570402961479
2620.25968043814 -356.341322724534 -1449.05905896401 0.247064043238281 -0.911834925671889 0.327896976067993 0.717888927032982 0.399523351985488 0.570102253716314 -0.342536431640895 -0.106309694294845 -0.256966868565497 -0.11450143613166 0.0371077211178078 0.0826821494621626
2620.39238837277 -356.215782780209 -1448.57726725619 0.497584610503675 -0.854698719779745 -0.147985316084305 0.673215327629921 0.272940238848878 0.687229764088347 -0.0482835798524559 0.00306675430085361 0.0191880356588629 0.218388051801547 0.0617195873709197 -0.355674622472382
2620.70702473906 -356.288101423818 -1448.08525211688 0.616362757420439 -0.554916428136905 -0.558717020550288 0.710124408675321 0.0850496601142124 0.698920510158944 -0.166073572860158 -0.0792923510303066 0.108369917735834 -0.0723892363740107 0.112041968402168 0.166069243501884
2621.05639973971 -356.40805555639 -1447.6375500569 0.52159416392872 -0.332081976051838 -0.785914174268461 0.77502610455125 -0.200751431631166 0.599193958530034 -0.108651883665527 0.300399903800059 -0.0313517763456797 -0.206376476769703 0.170351247669512 -0.294767513010978
2621.40127024765 -356.749070643357 -1447.40689714271 0.362274931235429 0.555396441116191 -0.748526330471434 0.901279060981486 -0.00402229392688758 0.43322035432437 -0.335034158416898 -0.266820117780416 0.259160536307393 -0.198476190448618 0.161002183219999 -0.0360070068129178
2622.24424036577 -356.998635388262 -1447.24720425095 -0.0311384833522145 -0.763743360143732 -0.64476854352359 -0.505995385748573 0.568358247729463 -0.648797018998814 0.15345391825255 0.10005694292456 -0.263542046733565 0.1899606130902 0.194887647622457 -0.513357516257574
2622.24828081735 -356.769244596592 -1447.71126269449 -0.581841406065556 -0.786754178877055 -0.206102984524933 -0.529483454540679 0.558786263755258 -0.638282995878298 -0.0711405563518259 -0.279226110412015 -0.336430798297583 0.0521577943824573 0.546693414872992 -0.537165962625233
2622.04374646286 -356.73680706782 -1448.18240951566 -0.766277176961738 -0.404757052235757 0.498989996636407 -0.635609478126127 0.364023442931892 -0.680799180612097 0.0288068683624284 -0.524337097269964 0.278808666773101 -0.358147739180588 0.205903436747943 0.101599231416303
2621.72727570815 -356.884333918754 -1448.53286566427 -0.578553169759779 0.304695512373895 0.756595581859409 -0.775622611824191 0.0814790298003541 -0.62591591425639 0.639126382983478 0.393051738720887 -0.131140456934751 0.205071291650279 -0.591208492064796 0.158394553661405
2621.32565604795 -357.086736047793 -1448.63193508662 -0.435866867312226 0.757638959281443 0.485801689405581 -0.827378402376314 -0.124872085266637 -0.547587382665297 -0.198484651092881 0.118903382921381 0.109654259129264 -0.370096498914394 -0.0890253472822929 -0.310987481932933
2620.86465727622 -357.296902395237 -1448.72554668644 -0.266007203347988 0.960934612692984 0.0764515398583658 -0.880733691012462 -0.210033415186371 -0.424492791517531 -0.191296376926847 0.178841597159025 0.243734115145628 -0.317582685036648 0.128464818956641 -0.128732261400909
2620.44249579707 -357.433663647948 -1448.64807478116 -0.12674503318422 0.947761928675965 -0.2927166259269 -0.983426439946631 -0.158631125753318 -0.0877986511602369 -0.283689301157466 -0.28731290165068 -0.549315752957399 -0.00548327561966401 0.0353084824191818 0.511933468791407
2619.91975333521 -357.378592377135 -1448.51251294888 0.20454265075677 0.598821043832921 -0.774322711476254 -0.896385262533639 -0.203221520849824 -0.393947299258821 0.0277651444853018 -0.549496148163832 0.201802317253917 0.488029496656984 0.221784744313275 0.463416510324801
2619.46990963457 -357.193458682576 -1448.60845670319 0.453265723719169 -0.168912680944783 -0.875224936773305 -0.891302986517123 -0.0984046388199948 -0.442600851034862 -0.0325614478155547 0.00859929316451426 0.0693427372975097 -0.366717275141919 0.0197208035958126 -0.404914114782956
2619.16844133471 -357.02937189689 -1448.94783665179 0.255392116331988 -0.91147760255006 -0.322464644605774 -0.95389466448876 -0.183154895165348 -0.237779842436486 0.0960300119583849 -0.381888079648021 0.121618609988485 0.258021794424733 0.102368554620936 0.165105349156107
2618.70602072811 -357.138154778739 -1449.23590482729 0.256090577663802 -0.954891987844447 0.150329330555429 -0.782635078716803 -0.296094445282059 -0.547549461747711 0.16059689264116 0.142131789156464 -0.410001998929217 0.169955909078976 0.15496715053991 -0.325855641801274
2618.48995677703 -357.310494412752 -1449.66686883526 -0.227642695823219 -0.663087512983817 0.713087479285183 -0.907339918769491 -0.121355334032082 -0.402501123797773 -0.624258596652647 -0.0688589538711952 0.0217153445174647 0.509948466955925 0.263191455985277 -0.337792384410918
2617.55829750814 -356.401083030785 -1450.33736666213 0.283304348806686 0.924718215585923 -0.254233883835574 -0.0439773801016934 -0.252289501048809 -0.966651952717154 -0.373094490594094 -0.273791328072683 0.439955546955148 0.0654048510829119 0.160310576943435 0.382377729628497
2617.31416517298 -356.386030314987 -1450.70066454751 0.926679598457244 0.298549729756946 -0.228326478253727 -0.140530695998224 -0.288206430311348 -0.947200177898413 0.329570040871961 0.150525522213276 0.178234680667277 -0.665701376373383 0.249092456777384 -0.347714199275508
2617.21760375291 -356.251917211771 -1451.14990118865 0.963987237241576 -0.259926447770554 -0.0562747562143375 -0.0714614085988475 -0.0493436904536753 -0.996222097372818 -0.001871827268799 -0.25722803251973 -0.146485055809834 0.782667933781766 -0.194552533061684 -0.158984945145596
2617.4197149989 -355.982751173469 -1451.54100292752 0.419361361140526 -0.904890840668774 -0.0728602446864479 -0.205701805360619 -0.0165450588760822 -0.978474848065341 0.121797845560652 0.146302116968995 0.422007919572723 -0.448564449474132 0.53505848636738 -0.326736860229776
2617.50618704095 -356.091217414747 -1452.08947266464 0.12338333398994 -0.960250240064027 0.250391751807203 -0.0307571098328564 -0.255898884698107 -0.966214138282737 0.0191951997168317 -0.120233399240583 0.146667054068181 0.204001242265178 0.170769347605635 0.673155036514976
2616.22670009952 -355.912392556321 -1452.32268228806 0.237348911533743 -0.966813374560271 0.0945377859812032 0.331169103705907 0.172019634191064 0.927758734914839 0.0296613259160186 -0.319993240788621 0.00617928334364747 -0.151222287512805 -0.183586333505922 0.229161635009028
2616.17285825014 -356.01571636004 -1451.86166332273 0.83178190712431 -0.496492548414804 -0.24826197533807 0.292399497350934 0.0117190902091479 0.956224449015121 -0.161723146037243 0.505279140858131 0.40986830469371 0.288641447525967 0.456279216229298 -0.406201335659205
2615.98450980761 -355.119355872847 -1452.26300732941 0.918824869887007 0.392218117526956 0.0438840148848838 -0.35197806304241 0.864660760291963 -0.358431601215692 0.491044160798797 0.220375927087145 0.0617924527978149 -0.0289664743403665 -0.240299822870148 0.330161274537657
2615.82843753916 -354.652753104712 -1452.17874673771 0.704860759364108 0.0910343885889186 -0.703479957075542 -0.41575617258073 0.856548936289284 -0.305729823062374 -0.000452073422003763 -0.693910958971038 -0.0703968508935625 0.0519149293696773 0.130105417750625 0.638359927020706
